14.56
1.8
1.58
1.5
1.84
1.76
1.56
1.78
1.8
1.6
1.66
1.38
1.8
1.38
1.46
1.52
1.56
1.48
1.4
1.48
1.44
1.42
1.44
1.46
1.44
1.44
1.5
1.64
1.52
1.12
1.54
1.64
1.42
1.32
1.42
1.64
1.26
1.4
1.38
1.7
1.48
1.46
1.4
1.58
1.36
1.54
1.56
1.56
1.34
1.38
1.26
1.28
1.58
1.6
1.54
1.74
1.3
1.42
1.46
1.46
1.08
1.5
1.66
1.46
1.5
1.62
1.68
1.3
1.6
1.42
1.44
1.46
1.74
1.3
1.54
1.42
1.32
1.68
1.28
1.24
1.6
1.3
1.7
1.58
0.94
1.32
1.5
1.44
1.36
1.12
1.48
1.36
1.48
1.42
1.5
1.42
1.48
1.46
1.4
1.32
1.12
1.14
1.48
1.26
1.42
1.44
1.46
1.66
1.38
1.44
1.36
1.48
1.16
1.42
1.42
1.46
1.36
1.14
1.32
1.48
1.24
1.54
1.32
1.3
1.18
1.4
1.66
1.24
1.32
1.52
1.62
1.62
1.58
1.48
1.6
1.34
1.18
1.32
1.54
1.32
1.3
1.76
1.48
1.28
1.64
1.52
1.4
1.64
1.22
1.48
1.58
1.48
1.56
1.38
1.26
1.16
1.2
1.32
1.34
1.5
1.26
1.36
1.22
1.32
1.34
1.38
1.54
1.22
1.56
1.6
1.44
1.3
1.52
1.52
1.34
1.42
1.46
1.38
1.38
1.74
1.52
1.4
1.18
1.4
1.48
1.72
1.42
1.58
1.38
1.58
1.4
1.42
1.46
1.32
1.5
1.74
1.4
1.42
1.28
1.38
1.44
1.52
1.08
1.12
1.44
1.46
1.24
1.66
1.58
1.4
1.8
1.4
1.6
1.44
1.46
1.2
1.34
1.36
1.42
1.32
1.38
1.52
1.32
1.42
1.38
1.42
1.32
1.4
1.78
1.44
1.18
1.44
1.34
1.24
1.58
1.54
1.34
1.36
1.36
1.54
1.3
1.48
1.42
1.14
1.52
1.62
1.32
1.22
1.06
1.54
1.36
1.54
1.36
1.3
1.32
1.68
1.68
1.32
1.14
1.1
1.5
1.32
1.44
1.32
1.42
1.48
1.46
1.42
1.54
1.68
1.72
1.5
1.3
1.4
1.32
1.4
1.5
1.66
1.58
1.4
1.44
1.62
1.32
1.3
1.42
1.48
1.34
1.38
1.28
1.06
1.56
1.62
1.32
1.54
1.4
1.48
1.42
1.5
1.34
1.48
1.54
1.52
1.76
1.14
1.36
1.5
1.5
1.42
1.22
1.66
1.24
1.3
1.04
1.62
1.38
1.36
1.5
1.52
1.58
1.14
1.52
1.52
1.7
1.54
1.16
1.26
1.52
1.52
1.32
1.52
1.56
1.32
1.28
1.56
1.12
1.4
1.48
1.3
1.44
1.36
1.26
1.38
1.6
1.56
1.36
1.38
1.24
1.54
1.48
1.12
1.3
1.32
1.52
1.3
1.42
1.18
1.52
1.54
1.34
1.5
1.4
1.52
1.32
1.2
1.66
1.26
1.4
1.3
1.48
1.32
1.36
1.4
1.48
1.54
1.24
1.4
1.26
1.46
1.38
1.28
1.62
1.32
1.34
1.7
1.36
1.36
1.38
1.46
1.32
1.24
1.3
1.44
1.18
1.54
1.6
1.44
1.16
1.3
1.54
1.36
1.4
1.3
1.4
1.64
1.42
1.48
1.48
1.28
1.46
1.4
1.38
1.34
1.36
1.62
1.36
1.38
1.48
1.34
1.48
1.36
1.68
1.52
1.54
1.34
1.36
1.56
1.4
1.38
1.64
1.52
1.48
1.44
1.4
1.48
1.48
1.44
1.24
1.4
1.48
1.34
1.48
1.46
1.34
1.6
1.56
1.46
1.48
1.34
1.46
1.4
1.38
1.62
1.32
1.38
1.42
1.32
1.24
1.42
1.34
1.22
1.32
1.48
1.38
1.5
1.38
1.24
1.34
1.34
1.78
1.26
1.72
1.68
1.56
1.2
1.64
1.54
1.44
1.36
1.28
1.44
1.66
1.24
1.5
1.4
1.34
1.48
1.46
1.36
1.54
1.54
1.48
1.14
1.42
1.68
1.32
1.2
1.32
1.38
1.6
1.68
1.32
1.72
1.42
1.64
1.32
1.64
1.5
1.52
1.62
1.32
1.7
1.18
1.44
1.42
1.3
1.3
1.28
1.24
1.36
1.46
1.22
1.52
1.46
1.3
1.46
1.5
1.32
1.36
1.38
1.42
1.3
0.96
1.4
1.52
1.34
1.32
1.38
1.24
1.06
1.56
1.5
1.26
1.5
1.3
1.56
1.4
1.26
1.34
1.5
1.28
1.7
1.26
1.62
1.32
1.56
1.56
1.38
1.52
1.24
1.5
1.48
1.38
1.56
1.1
1.44
1.28
1.22
1.6
1.4
1.28
1.58
1.48
1.5
1.38
1.36
1.62
1.2
1.48
1.36
1.14
1.54
1.48
1.46
1.44
1.62
1.32
1.34
1.58
1.58
1.38
1.38
1.1
1.28
1.48
1.46
1.28
1.36
1.44
1.68
1.24
1.2
1.46
1.32
1.24
1.36
1.28
1.46
1.66
1.36
1.48
1.52
1.5
1.52
1.52
1.56
1.1
1.74
1.28
1.4
1.0
1.42
1.34
1.68
1.38
1.6
1.46
1.36
1.5
1.44
1.38
1.48
1.38
1.38
1.54
1.5
1.42
1.68
1.44
1.34
1.34
1.34
1.42
1.24
1.42
1.44
1.24
1.34
1.38
1.28
1.72
1.26
1.16
1.38
1.46
1.36
1.48
1.56
1.54
1.58
1.48
1.4
1.48
1.36
1.54
1.48
1.46
1.3
1.4
1.62
1.38
1.64
1.56
1.62
1.24
1.5
1.48
2.04
1.46
1.74
1.5
1.24
1.18
1.48
1.4
1.66
1.5
1.24
1.44
1.24
1.18
1.34
1.48
1.64
1.7
1.5
1.48
1.44
1.38
1.48
1.38
1.64
1.38
1.16
1.14
1.26
1.32
1.08
1.44
1.36
1.58
1.76
1.36
1.26
1.56
1.44
1.56
1.38
1.0
1.28
1.54
1.6
1.24
1.76
1.44
1.56
1.2
1.38
1.28
1.26
1.34
1.12
0.96
1.7
1.06
1.04
1.76
1.12
1.46
1.42
1.3
1.4
1.16
1.48
1.18
1.76
1.34
1.44
1.4
1.16
1.4
1.36
1.5
1.8
1.7
1.5
1.56
1.38
1.26
1.6
1.56
1.3
1.32
1.34
1.36
1.42
1.36
1.46
1.44
1.74
1.28
1.44
1.38
1.4
1.54
1.38
1.44
1.54
1.46
1.42
1.38
1.46
1.28
1.5
1.48
1.08
1.28
1.28
1.7
1.26
1.36
1.64
1.56
1.4
1.66
1.34
1.28
1.36
1.3
1.42
1.52
1.26
1.18
1.2
1.4
1.34
1.28
1.48
1.12
1.36
1.3
1.36
1.66
1.48
1.5
1.58
1.3
1.56
1.58
1.4
1.28
1.34
1.44
1.46
1.32
1.46
1.64
1.48
1.44
1.2
1.34
1.24
1.32
1.28
1.28
1.34
1.48
1.42
1.42
1.5
1.62
1.28
1.34
1.36
1.6
1.56
1.76
1.38
1.36
1.48
1.5
1.38
1.22
1.46
1.42
1.22
1.54
1.46
1.34
1.48
1.28
1.22
1.6
1.54
1.22
1.18
1.34
1.36
1.4
1.64
1.52
1.34
1.44
1.5
1.4
1.54
1.4
1.44
1.38
1.3
1.12
1.5
1.56
1.4
1.24
1.38
1.3
1.5
1.42
1.26
1.26
1.06
1.58
1.44
1.38
1.44
1.28
1.52
1.52
1.56
1.38
1.38
1.26
1.24
1.4
1.38
1.28
1.24
1.44
1.32
1.28
1.44
1.32
1.22
1.54
1.32
1.44
1.4
1.6
1.48
1.6
1.18
1.04
1.5
1.38
1.42
1.58
1.4
1.52
1.46
1.5
1.22
1.56
1.54
1.54
1.38
1.26
1.48
1.34
1.54
1.44
1.44
1.42
1.36
1.32
1.66
1.36
1.2
1.56
1.36
1.62
1.52
1.48
1.28
1.5
1.24
1.64
1.34
1.64
1.38
1.24
1.44
1.46
1.4
1.32
1.28
1.3
1.22
1.16
1.28
1.34
1.38
1.22
1.52
1.5
1.38
1.1
1.36
1.38
1.54
1.44
1.3
1.66
1.14
1.52
1.66
1.52
1.44
1.4
1.3
1.22
1.16
1.46
1.18
1.18
1.3
1.34
1.48
1.46
1.38
1.66
1.24
1.36
1.5
1.36
1.42
1.46
1.26
1.6
1.32
1.22
1.58
1.16
1.4
1.44
1.46
1.6
1.58
1.6
1.42
1.54
1.38
1.84
1.54
1.24
1.46
1.44
1.16
1.32
1.48
1.36
1.34
1.56
1.48
1.4
1.4
1.4
1.58
1.68
1.3
1.6
1.36
1.4
1.66
1.6
1.4
1.54
1.36
1.14
1.54
1.28
1.46
1.3
1.46
1.26
1.74
1.54
1.4
1.56
1.26
1.52
1.6
1.3
1.66
1.34
1.34
1.38
1.46
1.4
1.64
1.32
1.58
1.36
1.46
1.1
1.32
1.24
1.42
1.16
1.22
1.4
1.38
1.28
1.5
1.44
1.4
1.3
1.6
1.64
1.42
1.4
1.2
1.3
1.28
1.48
1.36
1.18
1.54
1.42
1.26
1.34
1.42
1.38
1.46
1.6
1.24
1.52
1.56
1.42
1.22
1.46
1.22
1.48
1.44
1.28
1.64
1.18
1.14
1.64
1.34
1.52
1.44
1.14
1.42
1.3
1.26
1.6
1.38
1.42
1.4
1.38
1.58
1.28
1.06
1.36
1.58
1.42
1.6
1.34
1.62
1.16
1.64
1.52
1.32
1.38
1.76
1.64
1.44
1.6
1.32
1.54
1.46
1.52
1.54
1.36
1.42
1.28
1.5
1.36
1.62
1.4
1.08
1.46
1.3
1.44
1.46
1.46
1.54
1.5
1.46
1.42
1.3
1.68
1.4
1.38
1.66
1.12
1.68
1.34
1.6
1.8
1.56
1.5
1.28
1.3
1.46
1.46
1.36
1.34
1.36
1.62
1.36
1.56
1.54
1.44
1.4
1.62
1.64
1.3
1.3
1.44
1.36
1.34
1.74
1.42
1.28
1.48
1.3
1.28
1.46
1.04
1.22
1.58
1.64
1.38
1.46
1.36
1.58
1.48
1.4
1.42
1.54
1.24
1.44
1.24
1.5
1.34
1.42
1.72
1.28
1.04
1.42
1.3
1.34
1.72
1.46
1.44
1.2
1.42
1.64
1.62
1.66
1.46
1.42
1.1
1.68
1.5
1.66
1.28
1.66
1.22
1.62
1.54
1.38
1.34
1.38
1.56
1.22
1.62
1.22
1.4
1.46
1.36
1.22
1.6
1.3
1.46
1.62
1.48
1.38
1.42
1.54
1.46
1.38
1.28
1.6
1.26
1.44
1.3
1.38
1.66
1.28
1.34
1.14
1.3
1.64
1.44
1.58
1.24
1.38
1.28
1.48
1.34
1.72
1.5
1.24
1.26
1.64
1.34
1.54
1.42
1.28
1.5
1.34
1.46
1.36
1.36
1.52
1.34
1.32
1.64
1.22
1.4
1.58
1.5
1.42
1.58
1.28
1.12
1.46
1.52
1.58
1.4
1.48
1.36
1.46
1.4
1.36
1.34
1.74
1.4
1.58
1.44
1.42
1.32
1.62
1.14
1.5
1.16
1.52
1.32
1.5
1.26
1.38
1.58
1.08
1.74
1.22
1.42
1.38
1.38
1.42
1.32
1.62
1.44
1.34
1.38
1.9
1.36
1.32
1.24
1.74
1.4
1.38
1.56
1.56
1.44
1.26
1.6
1.44
1.42
1.28
1.36
1.4
1.48
1.36
1.42
1.38
1.3
1.4
1.44
1.42
1.36
1.26
1.14
1.24
1.26
1.48
1.62
1.26
1.46
1.78
1.44
1.16
1.38
1.4
1.26
1.68
1.62
1.36
1.46
1.44
1.5
1.38
1.4
1.34
1.16
1.36
1.34
1.46
1.3
1.54
1.38
1.52
1.34
1.6
1.38
1.28
1.54
1.52
1.46
1.54
1.44
1.44
1.62
1.48
1.18
1.2
1.38
1.64
1.26
1.16
1.3
1.26
1.82
1.46
1.68
1.46
1.32
1.62
1.72
1.32
1.46
1.56
1.46
1.3
1.36
1.44
1.56
1.44
1.38
1.34
1.82
1.52
1.62
1.3
1.2
1.62
1.12
1.58
1.16
1.38
1.46
1.28
1.34
1.36
1.66
1.32
1.48
1.54
0.98
1.14
1.4
1.52
1.64
1.24
1.7
1.54
1.1
1.58
1.38
1.24
1.08
1.46
1.4
1.16
1.58
1.34
1.48
1.2
1.58
1.24
1.36
1.4
1.52
1.66
1.44
1.22
1.44
1.54
1.42
1.32
1.64
1.38
1.24
1.54
1.44
1.44
1.34
1.52
1.52
1.5
1.44
1.46
1.62
1.48
1.46
1.48
1.5
1.76
1.64
1.44
1.14
1.54
1.3
1.1
1.46
1.44
1.42
1.3
1.56
1.38
1.3
1.3
1.28
1.4
1.52
1.42
1.4
1.46
1.44
1.54
1.48
1.6
1.24
1.18
1.42
1.32
1.54
1.42
1.58
1.4
1.66
1.56
1.56
1.38
1.32
1.3
1.68
1.5
1.44
1.4
1.64
1.42
1.26
1.48
1.32
1.42
1.32
1.66
1.56
1.38
1.56
1.52
1.56
1.58
1.5
1.52
1.46
1.28
1.12
1.32
1.48
1.32
1.54
1.28
1.62
1.22
1.76
1.4
1.16
1.26
1.4
1.08
1.38
1.38
1.82
1.34
1.48
1.58
1.42
1.42
1.36
1.5
1.66
1.42
1.28
1.44
1.38
1.58
1.38
1.72
1.16
1.42
1.4
1.56
1.54
1.36
1.42
1.66
1.5
1.5
1.7
1.3
1.4
1.46
1.56
1.42
1.2
1.36
1.36
1.5
1.36
1.6
1.46
1.24
1.42
1.04
1.36
1.32
1.44
1.46
1.44
1.48
1.48
1.64
1.38
1.62
1.7
1.52
1.3
1.46
1.62
1.52
1.3
1.5
1.24
1.6
1.3
1.52
1.58
1.28
1.32
1.54
1.02
1.52
1.42
1.22
1.54
1.42
1.78
1.36
1.72
1.26
1.54
1.46
1.4
1.36
1.16
1.44
1.62
1.36
1.3
1.22
1.5
1.48
1.76
1.1
1.28
1.38
1.24
1.28
1.14
1.24
1.36
1.38
1.52
1.4
1.3
1.36
1.46
1.46
1.24
1.3
1.64
1.24
1.48
1.2
1.18
1.26
1.42
1.58
1.44
1.4
1.26
1.36
1.7
1.52
1.46
1.18
1.18
1.54
1.3
1.36
1.42
1.7
1.68
1.56
1.6
1.44
1.44
1.48
1.42
1.54
1.4
1.06
1.42
1.44
1.42
1.52
1.26
1.26
1.34
1.38
1.5
1.24
1.6
1.36
1.08
1.16
1.42
1.34
1.48
1.34
1.38
1.58
1.42
1.3
1.56
1.72
1.5
1.5
1.26
1.2
1.28
1.28
1.52
1.32
1.48
1.42
1.4
1.46
1.68
1.26
1.56
1.28
1.32
1.36
1.44
1.64
1.38
1.42
1.4
1.4
1.44
1.74
1.56
1.52
1.32
1.24
1.26
1.4
1.56
1.26
1.62
1.4
1.44
1.38
1.52
1.12
1.34
1.52
1.32
1.26
1.6
1.38
1.5
1.7
1.52
1.56
1.24
1.4
1.48
1.16
1.54
1.38
1.34
1.3
1.34
1.32
1.26
1.34
1.22
1.24
1.46
1.48
1.54
1.42
1.6
1.2
1.36
1.68
1.26
1.46
1.36
1.38
1.12
1.42
1.42
1.38
1.28
1.58
1.08
1.16
1.38
1.46
1.14
1.46
1.22
1.4
1.36
1.34
1.36
1.5
1.32
1.42
1.82
1.48
1.74
1.6
1.18
1.28
1.46
1.68
1.26
1.48
1.72
1.2
1.34
1.38
1.24
1.5
1.36
1.78
1.54
1.3
1.36
1.28
1.66
1.18
1.48
1.82
1.46
1.54
1.42
1.42
1.46
1.28
1.36
1.6
1.72
1.46
1.26
1.26
1.22
1.28
1.48
1.48
1.28
1.66
1.8
1.16
1.36
1.32
1.5
1.6
1.52
1.22
1.46
0.92
1.36
1.36
1.44
1.46
1.34
1.24
1.12
1.42
1.86
1.34
1.4
1.66
1.46
1.44
1.48
1.34
1.22
1.52
1.34
1.3
1.14
1.42
1.72
1.42
1.36
1.54
1.52
1.16
1.12
1.62
1.46
1.28
1.68
1.38
1.3
1.1
1.24
1.7
1.3
1.34
1.24
1.28
1.42
1.42
1.4
1.4
1.52
1.46
1.36
1.36
1.48
1.4
1.6
1.46
1.28
1.24
1.44
1.42
1.46
1.44
1.26
1.84
1.32
1.5
1.36
1.6
1.62
1.52
1.46
1.6
1.46
1.42
1.48
1.46
1.12
1.48
1.14
1.58
1.5
1.62
1.38
1.22
1.46
1.56
1.74
1.42
1.5
1.68
1.26
1.2
1.14
