71.29
33.25
13.12
5.95
4.02
4.3
4.08
4.62
4.4
4.0
4.72
4.14
4.2
4.44
4.4
4.32
4.32
4.26
4.34
4.52
4.68
4.44
4.04
4.68
4.18
4.4
4.44
4.64
4.5
4.28
4.44
4.28
4.18
4.44
4.84
4.96
3.68
4.02
4.4
4.54
4.1
4.08
4.16
3.52
4.36
4.12
3.92
4.08
3.88
4.04
4.22
4.58
4.44
4.24
3.98
4.3
4.14
4.32
4.22
3.96
4.28
4.24
4.5
4.04
4.54
4.64
4.46
4.48
4.78
4.2
4.26
4.7
4.28
4.38
4.38
4.62
4.22
3.84
4.36
4.04
3.88
4.46
4.14
4.26
4.1
3.98
4.12
4.44
4.66
4.26
4.26
4.54
4.26
4.12
4.18
4.6
4.32
4.18
4.36
4.32
4.24
4.22
4.26
4.38
4.8
3.92
3.9
4.16
4.48
3.98
4.4
4.48
4.12
3.94
4.42
4.1
4.12
4.14
4.32
4.2
4.14
4.4
4.1
4.36
3.9
4.04
4.08
4.4
4.22
3.96
4.44
4.7
4.22
4.46
4.04
4.38
4.54
4.26
4.32
4.0
4.18
4.16
3.94
4.56
4.24
4.06
4.3
4.26
4.4
4.38
4.22
4.0
4.1
4.4
4.32
4.46
4.08
4.02
4.1
3.78
4.3
4.38
4.16
4.3
3.88
4.4
4.52
4.68
4.36
4.24
3.96
4.16
4.98
4.14
4.6
4.34
4.42
4.3
4.26
4.0
4.4
4.62
3.94
4.38
4.54
4.42
4.46
4.48
3.94
3.74
3.78
3.78
4.46
4.58
4.2
4.14
4.3
3.98
4.4
4.06
4.54
3.58
4.52
3.82
4.32
4.14
4.64
4.24
4.42
4.1
4.02
4.1
4.22
3.86
4.46
3.86
4.4
3.82
3.94
4.16
3.42
4.26
3.92
4.16
4.24
4.28
4.24
4.36
4.12
4.2
4.36
4.82
4.02
4.22
3.84
3.76
3.84
4.6
4.3
4.14
4.12
4.34
4.08
4.22
4.0
4.24
4.08
4.32
4.48
3.98
4.3
4.56
4.42
3.88
4.54
4.18
4.14
4.06
4.48
4.06
3.78
3.76
4.16
4.04
3.92
4.76
3.8
4.78
4.54
4.14
4.12
4.54
4.3
4.2
4.48
4.12
3.84
4.02
4.46
3.68
4.14
4.6
4.48
3.72
4.3
3.92
4.14
3.96
4.42
3.94
4.04
4.66
4.2
4.42
3.54
4.44
4.08
4.28
4.34
3.9
3.76
3.84
4.08
4.52
4.06
4.18
3.78
4.06
4.78
4.18
4.1
4.4
4.3
3.66
4.68
4.88
3.98
4.48
4.16
4.26
4.06
4.38
4.56
4.4
4.14
4.32
3.92
4.2
4.42
4.24
4.22
3.94
4.52
3.7
3.78
4.1
4.22
4.28
3.5
3.66
3.76
4.52
3.8
4.24
3.68
4.4
4.12
4.3
4.38
4.46
4.4
3.96
4.46
4.3
4.32
4.38
4.48
3.66
4.94
4.52
4.36
4.1
4.32
4.38
4.12
4.6
4.6
3.96
3.94
4.52
3.96
4.2
4.34
4.04
4.22
4.08
3.86
4.6
4.1
4.1
4.2
4.06
4.46
4.42
3.96
4.4
3.78
4.48
4.12
4.38
4.26
4.6
4.64
4.22
4.1
4.44
4.42
4.3
4.24
4.56
3.94
4.7
4.32
4.26
4.44
4.0
4.24
4.36
4.52
4.14
4.44
4.18
4.0
4.14
4.12
4.04
4.48
4.32
4.26
4.3
3.94
4.04
4.58
4.32
4.16
5.2
4.28
4.22
4.3
4.16
4.58
4.36
4.44
3.96
4.18
4.46
3.9
4.08
3.96
4.06
4.1
3.76
4.48
4.18
4.5
4.26
4.18
4.12
3.86
4.08
4.66
4.32
4.36
4.0
4.66
4.4
4.38
4.26
4.06
4.2
4.58
4.26
4.18
4.36
4.26
3.94
4.02
4.1
4.06
4.46
4.24
4.2
4.42
4.48
4.8
4.74
4.04
4.28
4.76
3.98
3.84
4.12
4.0
4.52
3.6
4.34
3.9
4.08
4.36
4.3
4.28
4.7
4.58
4.16
3.86
4.0
4.28
4.38
3.68
4.2
4.24
4.32
3.82
4.18
4.4
3.76
3.4
4.52
4.02
3.64
4.12
4.28
4.14
4.48
4.28
4.16
4.32
4.18
4.14
4.58
4.54
4.14
4.54
4.06
3.98
4.14
4.58
4.34
4.1
4.64
4.32
4.32
3.98
4.68
4.02
3.76
4.5
4.32
4.1
4.16
4.54
4.5
4.08
4.08
4.56
3.96
4.32
3.8
4.64
3.56
4.12
4.38
3.94
4.02
4.22
4.3
3.42
4.06
3.74
3.78
3.9
3.84
4.16
4.22
4.4
3.96
4.22
4.16
4.02
4.26
3.96
4.04
4.34
4.26
3.74
3.72
3.52
4.14
4.78
3.82
4.12
4.28
3.9
4.34
4.5
4.28
3.98
4.0
3.92
4.26
4.76
4.28
4.1
4.32
4.4
4.04
4.24
4.6
4.08
4.02
3.58
4.38
4.14
4.46
3.72
4.36
4.36
4.58
3.84
4.36
4.64
4.32
4.16
4.3
3.98
3.86
4.32
3.58
3.76
4.22
4.18
4.88
4.02
4.0
4.46
3.94
4.2
3.74
3.92
4.0
4.38
4.16
4.32
4.66
4.26
4.16
3.98
3.8
3.98
4.5
4.22
4.46
4.3
4.18
4.58
4.64
4.46
4.4
4.38
4.6
4.04
4.2
4.38
4.12
4.16
4.36
4.36
4.74
4.32
4.56
4.36
4.12
4.46
4.28
3.86
4.0
3.98
4.16
3.92
4.26
4.38
4.4
4.08
4.26
4.38
4.92
4.02
3.86
4.22
4.04
4.18
3.9
4.56
4.12
3.94
4.18
4.22
4.34
3.5
4.26
4.4
3.62
4.54
3.66
4.52
4.26
4.24
4.1
4.82
3.98
4.36
4.58
4.16
3.86
4.2
4.24
4.36
4.34
4.24
4.38
4.28
4.24
3.96
4.24
4.3
4.56
4.14
4.28
3.86
4.14
4.32
4.44
4.24
4.38
4.2
4.7
3.84
3.88
4.48
4.1
4.14
4.18
4.52
4.18
4.02
4.2
4.4
3.82
4.22
4.88
4.48
4.26
4.38
3.76
4.02
4.14
4.26
4.3
4.56
3.98
4.42
4.08
4.66
4.88
4.34
4.18
3.92
4.08
4.2
3.88
4.16
4.48
4.0
4.74
4.06
3.86
4.38
3.92
4.1
4.3
4.3
4.66
4.12
4.12
4.24
3.92
4.2
4.16
4.08
3.94
4.08
4.5
4.9
4.48
4.14
4.3
3.72
4.12
4.3
4.08
4.2
4.34
4.22
4.2
4.42
4.14
4.14
4.0
4.4
4.46
4.78
3.84
4.3
4.26
4.84
4.56
4.28
4.3
4.28
4.1
4.12
3.92
4.42
4.28
4.46
4.06
4.26
4.74
4.42
4.74
3.92
4.2
4.5
4.3
4.18
4.68
4.64
4.24
4.2
3.46
4.66
3.98
4.54
4.16
3.82
3.86
4.66
4.16
4.02
4.08
3.84
4.44
4.08
3.94
4.34
3.74
4.54
3.98
4.08
4.04
4.02
4.34
4.44
4.14
4.56
3.8
4.22
5.08
4.22
4.26
4.06
4.5
4.28
4.04
4.06
3.94
4.04
4.42
4.3
4.5
4.34
4.54
3.66
4.32
3.96
4.46
4.16
4.36
4.12
4.04
3.86
3.94
4.06
4.3
4.16
4.14
4.24
4.04
4.26
4.48
4.34
4.3
4.18
4.32
4.2
4.12
4.26
4.42
4.26
4.88
4.12
4.04
4.14
4.2
4.46
3.96
4.44
4.36
4.62
4.38
4.32
4.46
4.5
4.36
4.04
4.46
4.24
3.82
4.2
4.54
4.24
4.34
4.16
4.28
4.66
4.04
4.04
4.76
4.44
4.52
4.48
4.48
3.42
4.38
4.62
4.08
4.22
4.22
4.38
4.5
4.28
3.8
3.94
3.76
3.96
4.0
4.54
4.18
4.3
3.84
4.4
4.1
4.14
4.58
3.98
4.46
4.28
4.1
4.26
4.84
4.2
4.42
4.22
4.36
4.42
4.4
4.06
4.1
4.3
4.42
4.04
4.34
3.7
4.14
4.32
4.0
3.9
3.88
4.1
4.82
4.16
4.2
4.36
4.12
4.46
4.08
4.34
4.06
3.96
3.96
4.24
4.3
4.12
4.42
4.02
4.52
4.02
3.78
4.32
4.0
4.06
3.92
3.96
4.94
4.06
3.96
3.84
3.92
3.92
4.82
4.36
4.36
4.3
4.0
4.44
4.08
4.06
4.1
4.58
4.5
4.46
4.7
4.0
4.14
3.9
4.06
4.02
3.78
3.84
4.16
4.12
3.94
4.36
4.02
3.88
4.34
3.34
3.8
3.86
3.92
4.1
4.48
4.36
4.34
4.26
4.78
4.62
4.3
4.38
4.42
4.02
4.04
4.26
4.0
3.94
4.3
4.18
4.5
4.06
4.38
4.22
4.58
4.06
3.76
4.52
4.14
4.04
4.18
3.94
4.28
3.96
4.3
4.36
4.4
4.58
4.88
3.88
4.06
4.3
3.94
4.28
4.18
4.62
4.06
4.48
3.96
4.32
4.12
3.8
3.96
4.14
4.06
4.34
3.88
4.22
4.16
4.24
4.24
3.84
3.78
4.24
4.16
4.88
4.24
3.56
4.14
4.46
4.06
4.34
4.36
3.66
4.44
4.54
3.98
4.14
4.12
4.56
4.66
3.92
3.96
4.18
4.4
4.34
3.92
3.98
4.46
4.42
4.4
4.34
4.3
3.68
4.78
4.08
4.2
4.18
4.32
4.42
4.18
4.6
4.32
4.74
4.58
4.36
4.02
4.38
3.96
4.32
4.0
4.2
3.9
4.62
4.3
4.34
4.46
4.22
4.0
4.38
4.28
4.28
4.0
4.48
4.5
4.3
4.4
3.84
3.64
4.74
4.32
4.02
4.34
4.02
4.08
4.44
4.08
4.2
3.94
3.98
4.08
4.1
4.18
4.26
4.22
4.54
4.32
4.04
4.52
4.04
4.14
4.1
4.18
4.22
4.3
4.0
4.06
3.9
4.26
4.42
4.36
4.26
4.06
4.06
4.24
4.58
4.26
4.2
4.6
4.1
4.54
4.74
4.14
4.36
4.5
3.58
4.3
4.3
4.34
4.36
4.04
4.22
3.74
4.3
4.22
3.98
4.24
4.34
4.68
4.28
4.3
3.96
4.4
3.96
4.22
5.06
4.32
4.22
4.18
4.36
4.3
4.36
4.52
3.5
4.68
4.3
4.18
4.2
3.8
3.9
4.14
3.82
3.84
4.22
4.32
4.44
4.3
3.96
4.66
4.06
3.86
4.24
4.36
3.96
3.9
4.4
4.16
4.7
4.28
4.38
4.3
4.04
4.6
4.24
4.24
4.36
4.56
4.02
4.26
4.48
4.58
4.5
4.12
3.84
4.0
4.06
4.48
4.2
4.72
3.82
3.64
4.08
3.86
3.8
4.28
4.04
4.2
4.06
4.86
4.3
4.6
4.34
4.62
4.06
4.52
3.96
4.52
4.1
4.4
4.26
4.5
4.54
3.96
3.98
3.88
4.18
4.52
4.46
4.32
3.96
4.28
4.46
4.22
4.32
4.44
4.4
4.24
4.2
4.38
4.18
4.7
4.24
3.92
4.08
4.3
4.08
4.26
4.76
3.72
4.0
4.2
3.7
3.96
4.56
4.0
4.46
4.38
4.42
4.12
4.56
4.22
3.9
4.34
3.9
4.46
3.76
4.22
3.98
4.46
4.14
4.36
4.14
4.32
3.84
4.06
3.78
3.92
4.06
4.18
4.26
4.8
4.24
4.14
4.36
4.24
4.42
4.2
4.16
4.34
4.62
4.36
3.68
4.66
5.16
4.28
3.62
4.0
3.8
3.88
4.14
3.68
4.1
4.22
4.5
4.24
4.04
4.2
4.56
4.16
4.22
3.76
4.14
4.34
4.06
4.08
4.46
3.92
4.52
4.16
4.22
4.38
4.38
4.0
3.66
4.6
3.8
4.32
4.1
4.8
4.72
4.2
4.26
4.38
3.84
4.46
4.52
4.22
4.5
4.66
4.02
4.2
3.72
4.16
4.44
4.4
4.16
3.84
3.88
3.96
4.6
4.82
4.22
4.46
3.96
4.3
4.52
4.22
4.02
4.14
4.42
4.48
4.0
3.66
4.46
4.16
4.22
3.78
4.28
4.22
4.28
4.52
4.06
4.18
3.96
4.68
3.94
4.58
4.36
4.28
4.14
4.26
4.34
4.36
4.64
4.48
4.52
4.38
4.36
4.44
3.44
3.86
4.1
4.12
4.36
4.0
4.12
4.22
4.14
4.12
4.5
4.16
4.38
4.14
4.18
4.54
4.38
4.46
4.08
4.46
4.14
3.76
4.06
4.6
4.26
4.06
4.44
3.86
4.86
4.14
4.48
4.48
4.52
4.38
4.26
4.02
4.18
3.94
4.58
4.08
3.56
3.96
3.48
3.98
4.22
4.26
4.0
4.0
4.22
4.0
4.24
4.14
4.46
4.04
4.66
4.66
4.7
4.34
3.76
4.1
3.94
4.3
4.54
4.48
4.08
4.3
4.34
4.16
4.28
3.9
4.2
3.92
3.94
4.46
3.88
4.32
4.6
4.5
4.14
4.18
4.06
4.08
3.92
4.0
4.06
4.22
4.36
4.36
4.22
3.84
3.82
4.48
4.48
4.44
4.16
4.16
4.02
3.86
4.7
4.7
4.14
4.0
4.22
4.0
4.46
4.34
4.28
4.32
4.32
4.06
4.34
4.22
3.8
3.9
3.94
4.54
4.24
4.38
4.42
4.16
4.16
4.3
4.24
4.22
4.14
3.88
4.72
4.38
4.12
3.84
3.82
4.2
3.88
4.5
3.98
4.24
4.58
4.4
3.94
4.02
3.84
4.02
4.72
4.22
3.92
4.52
4.02
4.8
4.6
4.3
3.8
4.16
4.42
4.24
4.22
4.24
4.4
4.34
4.36
3.98
4.18
3.72
4.28
4.46
3.98
4.26
3.8
4.4
4.38
3.84
4.4
4.48
3.92
4.1
4.24
3.78
4.5
4.42
4.12
4.42
4.74
4.7
4.22
4.48
3.4
4.1
3.98
4.14
4.48
4.26
3.86
4.36
3.6
4.06
4.24
3.92
4.16
3.94
4.02
4.7
3.8
4.2
3.96
4.26
4.08
4.36
4.24
4.52
4.82
4.14
4.1
4.34
3.88
4.0
4.14
4.32
4.12
4.38
4.2
4.42
3.96
4.7
4.1
4.2
3.6
4.62
4.1
4.1
4.46
4.24
4.24
4.6
3.8
4.12
4.2
4.46
4.24
4.36
4.22
4.68
3.96
4.24
4.12
4.12
4.26
3.86
4.16
4.36
4.52
4.66
4.0
3.62
4.54
4.44
4.14
4.22
4.4
4.54
3.98
4.62
4.1
3.94
4.2
4.2
4.76
4.32
3.78
3.92
4.74
3.78
4.22
3.82
3.9
4.44
4.5
3.9
4.44
4.1
4.26
4.16
4.54
4.46
4.08
4.48
4.24
4.62
4.0
3.96
4.16
4.36
4.28
4.66
4.66
3.7
4.12
4.22
4.58
4.26
3.88
4.16
3.88
3.8
4.34
4.12
4.16
3.9
4.38
4.1
4.28
4.0
4.16
4.32
4.88
4.2
3.84
4.24
4.14
4.74
4.88
4.32
4.06
4.08
4.2
4.22
4.42
4.42
4.42
4.82
4.04
4.68
4.32
4.16
4.56
4.7
3.82
4.42
4.3
4.24
4.08
4.26
4.46
3.96
5.02
3.64
4.0
4.0
4.1
4.38
4.56
4.32
4.18
3.94
4.24
4.9
4.28
4.3
4.52
4.18
4.4
4.52
4.22
4.4
4.32
4.32
3.98
4.08
3.64
4.74
4.34
3.86
3.66
4.52
4.66
4.2
4.22
4.3
4.24
4.12
3.98
4.42
4.08
4.08
4.0
4.2
4.58
4.44
4.38
4.1
4.0
4.06
4.18
4.36
4.04
4.06
3.78
4.14
3.96
4.12
4.22
4.62
3.94
4.06
4.3
4.66
4.34
4.24
4.1
4.64
4.36
3.74
4.74
4.9
4.22
4.16
4.24
4.7
3.56
4.4
4.26
3.94
4.2
4.66
4.14
3.68
4.48
3.82
4.16
4.38
4.3
4.02
4.0
4.68
4.42
4.52
4.12
4.12
4.56
4.38
4.44
4.38
4.18
4.44
4.3
4.94
4.28
4.44
4.02
4.18
4.22
4.22
4.88
4.58
4.0
3.98
4.24
4.48
4.32
4.52
3.8
3.76
3.72
4.14
4.56
4.04
3.96
4.02
4.3
3.98
4.06
4.16
4.92
3.96
4.14
4.24
4.34
4.34
4.34
3.86
4.42
4.72
4.42
4.26
4.36
4.86
4.18
4.24
3.86
4.38
4.38
4.46
3.92
3.9
4.12
4.26
4.36
3.84
4.4
4.48
4.2
4.44
3.82
4.36
3.8
4.3
4.06
3.72
4.24
3.96
4.56
4.06
4.66
4.36
4.06
4.0
3.88
4.18
4.2
4.28
4.22
4.26
4.46
4.82
4.62
4.18
