30.34
7.26
2.9
1.86
3.84
2.74
1.66
1.38
0.98
1.16
1.28
0.92
1.06
0.72
1.16
0.92
0.66
1.1
0.96
1.2
0.48
1.14
0.76
0.72
0.74
0.82
0.56
0.6
0.48
0.64
0.34
0.42
0.3
0.6
4.6
3.1
2.8
2.78
2.54
2.5
2.36
2.52
2.72
2.46
2.34
2.86
2.66
2.38
2.42
2.02
1.64
2.14
2.02
1.56
1.54
1.7
1.7
1.76
1.84
1.76
1.42
2.0
2.32
1.96
1.78
1.74
2.04
2.1
1.84
1.92
1.72
1.6
1.82
1.66
1.6
2.04
1.68
1.8
1.76
2.12
1.8
1.76
1.78
2.04
1.78
1.88
1.82
1.84
2.22
2.94
1.94
1.82
1.68
1.86
1.9
1.92
1.68
1.88
1.86
1.32
1.02
0.86
1.34
1.14
1.12
0.94
0.88
0.9
0.98
1.12
1.28
1.42
1.0
0.94
1.2
1.14
1.34
0.88
1.16
1.36
1.48
1.0
1.02
1.58
2.36
1.2
1.14
0.98
1.14
0.78
1.14
1.4
1.94
1.26
1.12
1.32
1.34
0.94
0.86
1.48
1.5
1.34
0.88
0.3
0.26
0.16
0.48
0.26
0.38
0.42
0.22
0.32
0.24
0.2
0.36
0.26
0.12
0.24
0.48
0.22
0.16
0.16
0.26
0.34
0.18
0.28
0.16
0.36
0.26
0.3
0.12
0.24
0.24
0.2
0.1
0.28
0.5
0.22
0.18
0.26
0.46
0.24
0.22
0.24
0.42
0.44
0.3
0.28
0.16
0.26
0.4
0.18
0.24
0.2
0.16
0.16
0.54
0.48
0.56
0.56
0.58
0.54
0.48
0.84
0.6
0.56
0.56
0.42
0.56
0.6
0.54
0.5
0.28
0.4
0.28
0.46
0.5
0.78
0.6
0.36
0.54
0.48
0.58
0.44
0.44
0.56
0.34
0.4
0.4
0.6
0.32
0.4
0.3
0.28
0.28
0.26
0.4
0.4
0.28
0.42
0.16
0.34
0.14
0.3
0.14
0.28
0.18
0.18
0.24
0.12
0.16
0.14
0.22
0.24
0.18
0.3
0.32
0.3
0.3
0.28
0.46
0.14
0.26
0.18
0.32
0.26
0.22
0.32
0.14
0.24
0.18
0.24
0.22
0.22
0.38
0.52
0.38
0.48
0.36
0.34
0.3
0.24
0.24
0.12
0.16
0.32
0.34
0.38
0.2
0.5
0.46
0.36
0.52
0.22
0.2
0.2
0.14
0.28
0.36
0.48
0.38
0.48
0.34
0.38
0.3
0.58
0.36
0.46
0.34
0.32
0.42
0.36
0.26
0.38
0.44
0.26
0.64
0.54
0.38
0.38
0.42
0.48
0.3
0.52
0.42
0.38
0.3
0.42
0.42
0.32
0.1
0.26
0.12
0.24
0.24
0.18
0.1
0.3
0.28
0.28
0.26
0.1
0.8
0.34
0.62
0.38
0.3
0.52
0.34
0.38
0.22
0.3
0.3
0.38
0.46
0.58
0.52
0.36
0.24
0.32
0.18
0.42
0.42
0.38
0.36
0.36
0.34
0.32
0.36
0.36
0.28
0.32
0.2
0.54
0.28
0.4
0.32
0.48
0.38
0.32
0.32
0.42
0.18
0.52
0.4
0.34
0.48
0.36
0.28
0.38
0.3
0.34
0.48
0.4
0.22
0.38
0.72
0.3
0.36
0.2
0.32
0.38
0.62
0.34
0.28
0.3
0.14
0.46
0.26
0.54
0.2
0.48
0.38
0.44
0.28
0.52
0.22
0.36
0.2
0.2
0.22
0.22
0.38
0.3
0.3
0.14
0.22
0.3
0.24
0.14
0.18
0.14
0.18
0.08
0.28
0.14
0.2
0.1
0.18
0.14
0.1
0.16
0.22
0.22
0.18
0.22
0.24
0.42
0.2
0.12
0.3
0.42
0.2
0.22
0.2
0.16
0.18
0.22
0.12
0.22
0.26
0.24
0.38
0.4
0.18
0.26
0.32
0.16
0.14
0.3
0.36
0.08
0.36
0.34
0.22
0.38
0.3
0.24
0.24
0.2
0.26
0.26
0.22
0.26
0.2
0.16
0.26
0.34
0.16
0.26
0.18
0.14
0.26
0.22
0.22
0.22
0.1
0.26
0.28
0.46
0.28
0.38
0.26
0.24
0.24
0.14
0.32
0.22
0.16
0.14
0.1
0.18
0.26
0.22
0.18
0.44
0.2
0.14
0.14
0.32
0.2
0.18
0.24
0.38
0.14
0.12
0.14
0.14
0.1
0.1
0.16
0.9
1.16
0.16
0.08
0.08
0.2
0.06
0.18
0.18
0.18
0.1
0.38
0.24
0.34
0.2
0.58
0.14
0.16
0.16
0.22
0.28
0.14
0.22
0.2
0.22
0.2
0.2
0.24
0.2
0.2
0.3
0.2
0.16
0.36
0.1
0.16
0.26
0.38
0.14
0.3
0.16
0.36
0.16
0.2
0.08
0.2
0.32
0.24
0.28
0.26
0.08
0.18
0.32
0.2
0.12
0.26
0.26
0.22
0.26
0.3
0.36
0.28
0.22
0.28
0.26
0.38
0.32
0.26
0.38
0.28
0.28
0.3
0.22
0.26
0.56
0.34
0.36
0.16
0.24
0.54
0.3
0.38
0.12
0.22
0.38
0.36
0.26
0.46
0.36
0.38
0.36
0.24
0.26
0.36
0.3
0.32
0.38
0.26
0.26
0.24
0.38
0.22
0.36
0.36
0.32
0.3
0.18
0.34
0.42
0.26
0.3
0.4
0.34
0.2
0.3
0.26
0.24
0.28
0.04
0.24
0.08
0.2
0.08
0.14
0.24
0.16
0.1
0.14
0.12
0.2
0.2
0.16
0.12
0.28
0.24
0.2
0.1
0.32
0.12
0.12
0.14
0.14
0.28
0.2
0.22
0.24
0.36
0.18
0.2
0.42
0.32
0.24
0.34
0.26
0.16
0.3
0.3
0.18
0.34
0.26
0.12
0.2
0.1
0.12
0.26
0.22
0.2
0.1
0.06
0.26
0.14
0.28
0.34
0.14
0.2
0.18
0.26
0.12
0.1
0.22
0.18
0.14
0.14
0.12
0.1
0.14
0.12
0.1
0.2
0.16
0.2
0.34
0.2
0.18
0.16
0.12
0.16
0.1
0.18
0.08
0.2
0.12
0.24
0.16
0.12
0.04
0.04
0.2
0.1
0.3
0.26
0.36
0.1
0.34
0.28
0.28
0.16
0.2
0.24
0.12
0.34
0.3
0.22
0.2
0.2
0.32
0.16
0.18
0.24
0.18
0.22
0.16
0.08
0.04
0.1
0.4
0.22
0.18
0.08
0.2
0.14
0.16
0.16
0.18
0.26
0.3
0.18
0.06
0.22
0.26
0.14
0.06
0.26
0.58
0.22
0.28
0.38
0.18
0.14
0.12
0.14
0.26
0.2
0.4
0.3
0.46
0.42
0.26
0.2
0.24
0.2
0.22
0.1
0.32
0.38
0.32
0.18
0.14
0.24
0.12
0.28
0.26
0.22
0.14
0.2
0.12
0.18
0.32
0.28
0.28
0.28
0.54
0.34
0.3
0.54
0.48
0.32
0.42
0.66
0.38
0.54
0.32
0.18
0.2
0.18
0.24
0.18
0.18
0.16
0.08
0.14
0.18
0.16
0.16
0.22
0.14
0.2
0.14
0.16
0.28
0.36
0.22
0.22
0.2
0.2
0.14
0.28
0.1
0.04
0.24
0.16
0.2
0.16
0.1
0.2
0.2
0.2
0.22
0.22
0.24
0.38
0.32
0.42
0.26
0.18
0.34
0.28
0.3
0.32
0.32
0.2
0.28
0.3
0.24
0.2
0.4
0.28
0.32
0.24
0.14
0.26
0.22
0.34
0.28
0.28
0.16
0.16
0.46
0.24
0.2
0.22
0.22
0.14
0.36
0.22
0.2
0.46
0.22
0.28
0.36
0.32
0.3
0.26
0.24
0.18
0.16
0.44
0.26
0.4
0.24
0.26
0.22
0.64
0.38
0.32
0.24
0.3
0.4
0.64
0.28
0.44
0.24
0.32
0.1
0.18
0.1
0.26
0.16
0.18
0.2
0.32
0.2
0.3
0.3
0.12
0.16
0.16
0.24
0.14
0.3
0.16
0.24
0.14
0.18
0.26
0.2
0.36
0.26
0.2
0.46
0.28
0.24
0.18
0.22
0.18
0.28
0.3
0.22
0.18
0.22
0.22
0.26
0.3
0.3
0.68
0.76
0.18
0.22
0.2
0.22
0.34
0.12
0.42
0.28
0.18
0.34
0.1
0.1
0.18
0.44
0.14
0.2
0.18
0.1
0.12
0.24
0.1
0.12
0.42
0.16
0.3
0.14
0.3
0.18
0.28
0.16
0.06
0.18
0.16
0.18
0.26
0.18
0.2
0.12
0.34
0.24
0.12
0.18
0.26
0.34
0.14
0.12
0.24
0.26
0.32
0.12
0.12
0.36
0.2
0.16
0.24
0.24
0.16
0.16
0.16
0.28
0.22
0.2
0.34
0.1
0.2
0.16
0.28
0.1
0.18
0.22
0.12
0.08
0.36
0.24
0.38
0.26
0.22
0.42
0.18
0.28
0.16
0.2
0.16
0.3
0.18
0.22
0.24
0.16
0.3
0.3
0.42
0.28
0.28
0.58
0.22
0.24
0.32
0.36
0.46
0.38
0.5
0.34
0.32
0.52
0.44
0.28
0.32
0.28
0.38
0.34
0.48
0.46
0.4
0.52
0.48
0.48
0.34
0.44
0.4
0.28
0.28
0.24
0.22
0.24
0.36
0.44
0.3
0.18
0.26
0.52
0.16
0.42
0.38
0.48
0.38
0.36
0.2
0.04
0.16
0.14
0.22
0.24
0.3
0.22
0.18
0.3
0.22
0.2
0.18
0.08
0.32
0.08
0.12
0.06
0.14
0.06
0.08
0.1
0.16
0.2
0.14
0.22
0.12
0.12
0.14
0.08
0.26
0.16
0.14
0.38
0.38
0.24
0.24
0.22
0.36
0.3
0.24
0.26
0.3
0.36
0.3
0.36
0.3
0.42
0.26
0.38
0.44
0.34
0.36
0.28
0.46
0.2
0.32
0.16
0.28
0.12
0.24
0.22
0.26
0.12
0.22
0.44
0.4
0.32
0.26
0.24
0.2
0.18
0.2
0.38
0.28
0.14
0.18
0.44
0.3
0.16
0.42
0.28
0.22
0.16
0.22
0.36
0.32
0.18
0.22
0.38
0.3
0.16
0.24
0.26
0.34
0.2
0.38
0.3
0.26
0.28
0.14
0.22
0.22
0.36
0.18
0.26
0.28
0.36
0.4
0.2
0.32
0.14
0.26
0.52
0.26
0.3
0.2
0.32
0.32
0.38
0.26
0.2
0.2
0.14
0.18
0.2
0.18
0.22
0.16
0.22
0.26
0.36
0.32
0.2
0.2
0.12
0.22
0.24
0.16
0.22
0.12
0.1
0.24
0.12
0.2
0.14
0.1
0.18
0.3
0.26
0.46
0.56
0.2
0.18
0.24
0.18
0.16
0.14
0.44
0.18
0.28
0.32
0.24
0.48
0.16
0.34
0.24
0.22
0.16
0.28
0.42
0.32
0.24
0.36
0.3
0.34
0.24
0.38
0.24
0.2
0.24
0.12
0.26
0.2
0.12
0.26
0.16
0.14
0.3
0.18
0.2
0.18
0.28
0.22
0.42
0.3
0.28
0.12
0.14
0.24
0.1
0.18
0.14
0.32
0.2
0.32
0.2
0.22
0.1
0.22
0.04
0.12
0.14
0.18
0.12
0.22
0.1
0.08
0.2
0.2
0.14
0.12
0.16
0.2
0.2
0.18
0.2
0.3
0.18
0.14
0.12
0.08
0.08
0.12
0.16
0.14
0.1
0.12
0.12
0.2
0.2
0.16
0.18
0.14
0.14
0.1
0.1
0.14
0.08
0.24
0.24
0.06
0.14
0.14
0.24
0.08
0.1
0.14
0.16
0.16
0.18
0.18
0.2
0.14
0.2
0.24
0.2
0.08
0.14
0.14
0.24
0.06
0.18
0.12
0.14
0.14
0.14
0.24
0.24
0.08
0.12
0.02
0.14
0.12
0.08
0.12
0.14
0.12
0.32
0.12
0.06
0.1
0.12
0.2
0.12
0.16
0.12
0.22
0.08
0.14
0.14
0.26
0.12
0.12
0.1
0.28
0.16
0.16
0.26
0.14
0.14
0.34
0.22
0.08
0.1
0.2
0.28
0.18
0.1
0.28
0.18
0.2
0.16
0.24
0.24
0.22
0.08
0.22
0.24
0.08
0.2
0.14
0.18
0.12
0.12
0.32
0.2
0.32
0.14
0.16
0.14
0.1
0.26
0.12
0.18
0.2
0.14
0.16
0.18
0.82
1.68
0.86
0.38
0.22
0.16
0.06
0.2
0.16
0.18
0.3
0.16
0.06
0.2
0.1
0.08
0.06
0.12
0.24
0.16
0.24
0.12
0.28
0.34
0.2
0.38
0.14
0.14
0.14
0.2
0.16
0.2
0.04
0.24
0.08
0.1
0.18
0.2
0.14
0.12
0.1
0.18
0.1
0.14
0.16
0.18
0.16
0.1
0.34
0.16
0.26
0.16
0.22
0.2
0.18
0.24
0.36
0.44
0.18
0.14
0.22
0.18
0.26
0.24
0.06
0.1
0.4
0.14
0.16
0.22
0.22
0.2
0.16
0.22
0.22
0.16
0.26
0.26
0.16
0.14
0.3
0.42
0.26
0.34
0.26
0.28
0.44
0.52
0.26
0.36
0.34
0.32
0.4
0.14
0.3
0.32
0.22
0.34
0.08
0.18
0.24
0.24
0.16
0.18
0.32
0.1
0.16
0.24
0.22
0.22
0.28
0.18
0.26
0.14
0.16
0.28
0.2
0.2
0.18
0.22
0.2
0.22
0.22
0.18
0.16
0.2
0.22
0.24
0.14
0.22
0.44
0.24
0.34
0.28
0.2
0.12
0.28
0.16
0.2
0.2
0.18
0.14
0.2
0.5
0.12
0.2
0.16
0.28
0.28
0.12
0.14
0.22
0.22
0.16
0.12
0.18
0.34
0.18
0.22
0.14
0.24
0.06
0.22
0.22
0.26
0.14
0.16
0.08
0.2
0.26
0.14
0.12
0.2
0.18
0.3
0.04
0.24
0.12
0.22
0.18
0.24
0.14
0.12
0.18
0.34
0.16
0.1
0.06
0.08
0.26
0.2
0.36
0.2
0.36
0.22
0.1
0.2
0.22
0.06
0.06
0.26
0.2
0.24
0.18
0.22
0.1
0.18
0.24
0.16
0.22
0.16
0.18
0.16
0.18
0.2
0.3
0.22
0.24
0.36
0.14
0.16
0.2
0.12
0.14
0.06
0.1
0.18
0.12
0.14
0.28
0.18
0.22
0.2
0.2
0.44
0.36
0.16
0.22
0.12
0.22
0.26
0.16
0.18
0.16
0.22
0.22
0.12
0.2
0.06
0.14
0.1
0.12
0.1
0.14
0.16
0.3
0.12
0.18
0.18
0.12
0.14
0.14
0.22
0.12
0.12
0.18
0.2
0.14
0.12
0.16
0.16
0.06
0.18
0.18
0.26
0.16
0.08
0.5
0.38
0.24
0.24
0.34
0.34
0.4
0.48
0.36
0.06
0.06
0.24
0.14
0.16
0.22
0.16
0.22
0.2
0.16
0.22
0.08
0.12
0.32
0.18
0.28
0.16
0.1
0.12
0.2
0.16
0.16
0.12
0.26
0.16
0.1
0.14
0.14
0.04
0.34
0.1
0.16
0.16
0.2
0.34
0.2
0.12
0.16
0.06
0.16
0.06
0.1
0.08
0.22
0.14
0.22
0.14
0.24
0.12
0.04
0.18
0.16
0.14
0.14
0.14
0.16
0.16
0.08
0.18
0.08
0.24
0.16
0.16
0.16
0.12
0.24
0.08
0.28
0.2
0.18
0.22
0.06
0.14
0.14
0.14
0.28
0.08
0.14
0.14
0.12
0.18
0.2
0.26
0.12
0.16
0.24
0.18
0.16
0.12
0.16
0.18
0.06
0.16
0.18
0.26
0.34
0.16
0.1
0.28
0.1
0.16
0.06
0.2
0.14
0.14
0.12
0.26
0.12
0.12
0.2
0.26
0.1
0.12
0.26
0.24
0.16
0.06
0.18
0.1
0.32
0.04
0.12
0.24
0.22
0.1
0.28
0.24
0.1
0.12
0.1
0.3
0.22
0.12
0.18
0.14
0.22
0.12
0.18
0.1
0.12
0.1
0.12
0.08
0.14
0.18
0.26
0.2
0.16
0.16
0.08
0.16
0.04
0.2
0.24
0.3
0.06
0.28
0.28
0.2
0.12
0.22
0.12
0.14
0.2
0.34
0.18
0.26
0.2
0.24
0.06
0.2
0.2
0.26
0.12
0.12
0.22
0.12
0.22
0.36
0.2
0.24
0.18
0.26
0.16
0.36
0.14
0.32
0.14
0.3
0.24
0.16
0.18
0.18
0.16
0.26
0.14
0.22
0.18
0.16
0.36
0.28
0.12
0.3
0.28
0.22
0.16
0.16
0.14
0.06
0.22
0.2
0.1
0.18
0.18
0.26
0.3
0.24
0.16
0.08
0.14
0.26
0.28
0.18
0.22
0.12
0.12
0.18
0.08
0.24
0.16
0.14
0.24
0.52
0.26
0.2
0.08
0.18
0.06
0.34
0.32
0.28
0.44
0.26
0.22
0.3
0.4
0.24
0.26
0.18
0.32
0.34
0.24
