0.23
0.27
0.22
0.15
0.27
0.21
0.17
0.22
0.16
0.27
0.17
0.33
0.22
0.14
0.17
0.17
0.15
0.23
0.22
0.27
0.2
0.2
0.16
0.28
0.25
0.22
0.22
0.22
0.23
0.22
0.19
0.18
0.24
0.25
0.2
0.25
0.17
0.23
0.23
0.22
0.22
0.15
0.16
0.34
0.37
0.29
0.33
0.3
0.39
0.41
0.29
0.41
0.33
0.4
0.3
0.38
0.39
0.42
0.36
0.34
0.34
0.33
0.65
0.59
0.61
0.4
0.19
0.16
0.19
0.21
0.25
0.21
0.23
0.16
0.25
0.22
0.29
0.16
0.26
0.18
0.19
0.2
0.19
0.24
0.2
0.16
0.18
0.13
0.2
0.24
0.21
0.23
0.2
0.18
0.24
0.32
0.23
0.49
0.49
0.64
0.62
0.49
0.55
0.61
0.46
0.67
0.65
0.61
0.59
0.52
0.53
0.64
0.52
0.49
0.43
0.42
0.54
0.49
0.59
0.58
0.61
0.6
0.58
0.59
0.66
0.63
0.6
0.73
0.64
0.69
0.64
0.65
0.63
0.61
0.59
0.56
0.63
0.48
0.45
0.36
0.46
0.5
0.6
0.59
0.52
0.45
0.55
0.49
0.51
0.48
0.54
0.44
0.52
0.55
0.48
0.39
0.44
0.5
0.42
0.56
0.42
0.64
0.67
0.68
0.62
0.71
0.75
0.72
0.63
0.47
0.62
0.56
0.64
0.63
0.61
0.64
0.71
0.59
0.6
0.58
0.71
0.65
0.71
0.63
0.66
0.58
0.64
0.75
0.7
0.61
0.55
0.51
0.44
0.53
0.48
0.48
0.58
0.5
0.51
0.52
0.52
0.47
0.5
0.54
0.5
0.54
0.41
0.52
0.4
0.63
0.6
0.7
0.73
0.75
0.71
0.65
0.63
0.76
0.77
0.71
0.72
0.74
0.75
0.81
0.75
0.74
0.43
0.42
0.43
0.5
0.49
0.42
0.48
0.45
0.5
0.46
0.71
0.76
0.77
0.78
0.72
0.77
0.76
0.78
0.67
0.83
0.75
0.7
0.78
0.74
0.82
0.77
0.73
0.7
0.68
0.69
0.68
0.66
0.53
0.43
0.39
0.54
0.45
0.41
0.53
0.43
0.72
0.79
0.77
0.73
0.71
0.74
0.8
0.74
0.82
0.76
0.73
0.81
0.72
0.69
0.84
0.7
0.83
0.68
0.73
0.75
0.76
0.63
0.85
0.69
0.78
0.76
0.78
0.75
0.84
0.75
0.68
0.69
0.57
0.37
0.46
0.58
0.58
0.5
0.52
0.55
0.48
0.51
0.64
0.6
0.57
0.54
0.6
0.6
0.47
0.5
0.55
0.45
0.52
0.49
0.45
0.49
0.45
0.52
0.47
0.53
0.57
0.48
0.46
0.58
0.52
0.53
0.48
0.55
0.56
0.52
0.56
0.64
0.56
0.54
0.59
0.59
0.52
0.62
0.55
0.6
0.59
0.58
0.54
0.49
0.58
0.55
0.54
0.58
0.64
0.67
0.52
0.58
0.51
0.45
0.61
0.51
0.58
0.6
0.55
0.58
0.46
0.64
0.59
0.56
0.63
0.55
0.62
0.6
0.58
0.62
0.56
0.57
0.59
0.55
0.6
0.6
0.62
0.6
0.55
0.51
0.59
0.62
0.61
0.58
0.56
0.62
0.45
0.58
0.49
0.6
0.53
0.58
0.52
0.57
0.55
0.56
0.65
0.6
0.7
0.54
0.61
0.5
0.6
0.53
0.52
0.59
0.55
0.57
0.54
0.57
0.53
0.55
0.57
0.51
0.61
0.53
0.66
0.56
0.59
0.61
0.62
0.58
0.58
0.55
0.6
0.57
0.57
0.55
0.56
0.56
0.68
0.56
0.62
0.57
0.48
0.54
0.63
0.55
0.62
0.58
0.65
0.6
0.69
0.65
0.65
0.62
0.72
0.71
0.64
0.63
0.76
0.76
0.56
0.72
0.66
0.76
0.8
0.75
0.82
0.7
0.68
0.8
0.69
0.72
0.72
0.74
0.69
0.73
0.74
0.73
0.79
0.7
0.76
0.74
0.74
0.74
0.65
0.69
0.7
0.77
0.7
0.75
0.72
0.72
0.73
0.78
0.71
0.7
0.67
0.75
0.73
0.73
0.77
0.77
0.65
0.69
0.8
0.73
0.71
0.74
0.81
0.77
0.7
0.79
0.65
0.63
0.81
0.73
0.69
0.69
0.65
0.7
0.74
0.77
0.69
0.75
0.65
0.63
0.75
0.7
0.77
0.69
0.69
0.76
0.65
0.72
0.72
0.64
0.7
0.79
0.64
0.66
0.68
0.68
0.81
0.78
0.76
0.75
0.84
0.81
0.72
0.68
0.76
0.77
0.69
0.77
0.7
0.79
0.73
0.7
0.74
0.75
0.73
0.78
0.78
0.8
0.74
0.78
0.81
0.79
0.77
0.73
0.8
0.79
0.64
0.85
0.74
0.77
0.75
0.67
0.65
0.77
0.73
0.74
0.78
0.73
0.75
0.76
0.69
0.74
0.76
0.77
0.73
0.71
0.79
0.79
0.73
0.77
0.7
0.61
0.76
0.77
0.75
0.69
0.7
0.73
0.69
0.78
0.75
0.71
0.7
0.71
0.75
0.71
0.77
0.74
0.74
0.75
0.75
0.69
0.8
0.76
0.76
0.7
0.66
0.75
0.77
0.72
0.65
0.61
0.56
0.69
0.72
0.56
0.65
0.61
0.7
0.68
0.53
0.67
0.56
0.63
0.69
0.74
0.55
0.63
0.65
0.67
0.74
0.74
0.7
0.73
0.68
0.47
0.55
0.36
0.39
0.4
0.44
0.55
0.48
0.44
0.54
0.5
0.51
0.39
0.52
0.42
0.49
0.59
0.43
0.48
0.44
0.53
0.48
0.49
0.64
0.6
0.6
0.53
0.54
0.61
0.49
0.48
0.63
0.67
0.54
0.56
0.58
0.62
0.55
0.5
0.48
0.51
0.58
0.48
0.61
0.8
0.75
0.67
0.6
0.59
0.63
0.63
0.5
0.59
0.63
0.52
0.54
0.52
0.44
0.51
0.52
0.53
0.6
0.62
0.77
0.87
0.81
0.8
0.89
0.8
0.82
0.86
0.9
0.88
0.89
0.89
0.68
0.75
0.68
0.61
0.67
0.84
0.79
0.78
0.86
0.75
0.71
0.67
0.73
0.76
0.77
0.8
0.83
0.77
0.74
0.77
0.83
0.72
0.82
0.79
0.83
0.77
0.78
0.77
0.82
0.77
0.74
0.83
0.76
0.67
0.71
0.74
0.77
0.72
0.75
0.69
0.8
0.8
0.8
0.84
0.73
0.83
0.78
0.85
0.86
0.73
0.84
0.81
0.8
0.77
0.78
0.8
0.74
0.82
0.77
0.75
0.75
0.76
0.78
0.82
0.76
0.75
0.81
0.85
0.82
0.83
0.81
0.84
0.75
0.77
0.83
0.88
0.88
0.75
0.88
0.88
0.88
0.79
0.83
0.72
0.75
0.77
0.8
0.86
0.79
0.82
0.82
0.82
0.78
0.81
0.79
0.76
0.7
0.84
0.8
0.77
0.83
0.78
0.75
0.77
0.78
0.83
0.82
0.74
0.74
0.74
0.77
0.76
0.68
0.72
0.79
0.81
0.86
0.81
0.83
0.82
0.79
0.77
0.83
0.86
0.84
0.83
0.92
0.82
0.8
0.86
0.85
0.83
0.7
0.69
0.73
0.78
0.78
0.76
0.68
0.74
0.71
0.71
0.72
0.75
0.73
0.79
0.75
0.82
0.73
0.71
0.82
0.88
0.86
0.8
0.83
0.94
0.86
0.84
0.88
0.86
0.85
0.88
0.84
0.84
0.84
0.82
0.79
0.93
0.8
0.87
0.84
0.94
0.89
0.89
0.88
0.9
0.81
0.84
0.87
0.89
0.76
0.83
0.76
0.82
0.83
0.82
0.85
0.82
0.85
0.87
0.85
0.84
0.77
0.86
0.84
0.81
0.78
0.83
0.88
0.81
0.88
0.88
0.88
0.82
0.85
0.83
0.83
0.83
0.8
0.77
0.88
0.81
0.84
0.82
0.86
0.92
0.81
0.89
0.79
0.75
0.69
0.71
0.76
0.74
0.83
0.76
0.75
0.64
0.79
0.89
0.88
0.81
0.82
0.79
0.76
0.68
0.81
0.75
0.85
0.81
0.82
0.86
0.87
0.81
0.86
0.86
0.85
0.83
0.84
0.84
0.86
0.88
0.82
0.86
0.88
0.84
0.88
0.87
0.82
0.82
0.8
0.91
0.81
0.79
0.82
0.85
0.89
0.84
0.81
0.81
0.85
0.89
0.85
0.88
0.56
0.67
0.69
0.64
0.73
0.69
0.66
0.69
0.74
0.64
0.73
0.67
0.81
0.75
0.73
0.72
0.74
0.76
0.76
0.67
0.76
0.67
0.77
0.74
0.75
0.67
0.73
0.78
0.75
0.78
0.62
0.69
0.73
0.72
0.86
0.77
0.72
0.81
0.82
0.8
0.8
0.78
0.75
0.75
0.69
0.79
0.84
0.82
0.82
0.75
0.77
0.69
0.85
0.8
0.78
0.73
0.79
0.81
0.72
0.72
0.81
0.8
0.75
0.76
0.8
0.66
0.79
0.78
0.78
0.78
0.74
0.8
0.76
0.9
0.74
0.77
0.77
0.75
0.74
0.78
0.74
0.81
0.77
0.79
0.78
0.82
0.72
0.81
0.71
0.75
0.8
0.76
0.81
0.68
0.75
0.83
0.72
0.8
0.73
0.75
0.77
0.83
0.75
0.79
0.76
0.75
0.8
0.74
0.82
0.82
0.78
0.66
0.51
0.37
0.48
0.45
0.76
0.79
0.82
0.64
0.57
0.52
0.48
0.49
0.53
0.45
0.56
0.67
0.73
0.62
0.58
0.41
0.58
0.55
0.52
0.55
0.5
0.56
0.52
0.59
0.63
0.49
0.52
0.58
0.65
0.53
0.6
0.55
0.55
0.53
0.63
0.61
0.61
0.53
0.52
0.51
0.65
0.54
0.45
0.6
0.53
0.56
0.53
0.56
0.57
0.52
0.51
0.54
0.58
0.49
0.51
0.58
0.61
0.6
0.81
0.82
0.79
0.74
0.85
0.83
0.87
0.85
0.88
0.84
0.8
0.79
0.86
0.78
0.82
0.82
0.81
0.79
0.85
0.43
0.54
0.55
0.61
0.58
0.59
0.49
0.57
0.5
0.49
0.52
0.46
0.6
0.48
0.74
0.82
0.84
0.8
0.75
0.87
0.8
0.89
0.73
0.79
0.84
0.82
0.85
0.82
0.81
0.75
0.81
0.75
0.82
0.77
0.77
0.81
0.81
0.77
0.79
0.8
0.71
0.77
0.82
0.68
0.81
0.76
0.78
0.79
0.79
0.83
0.76
0.81
0.84
0.71
0.8
0.75
0.74
0.84
0.75
0.85
0.74
0.79
0.79
0.75
0.82
0.71
0.65
0.75
0.7
0.83
0.77
0.72
0.67
0.77
0.84
0.66
0.69
0.69
0.73
0.81
0.78
0.76
0.77
0.75
0.82
0.77
0.75
0.54
0.76
0.71
0.57
0.68
0.71
0.61
0.68
0.72
0.74
0.59
0.77
0.69
0.63
0.72
0.62
0.72
0.74
0.65
0.77
0.69
0.7
0.65
0.77
0.68
0.75
0.69
0.77
0.73
0.71
0.69
0.69
0.69
0.73
0.63
0.76
0.75
0.71
0.77
0.66
0.75
0.61
0.55
0.69
0.74
0.66
0.7
0.63
0.69
0.68
0.65
0.65
0.71
0.67
0.65
0.75
0.6
0.67
0.54
0.68
0.71
0.7
0.65
0.67
0.57
0.73
0.73
0.67
0.69
0.73
0.64
0.73
0.61
0.68
0.76
0.71
0.66
0.76
0.81
0.78
0.79
0.67
0.82
0.77
0.71
0.78
0.79
0.69
0.79
0.7
0.74
0.72
0.65
0.74
0.73
0.72
0.75
0.74
0.7
0.57
0.62
0.65
0.72
0.65
0.6
0.71
0.74
0.7
0.74
0.64
0.81
0.69
0.72
0.7
0.72
0.64
0.73
0.74
0.71
0.66
0.67
0.67
0.68
0.75
0.66
0.62
0.72
0.7
0.62
0.75
0.64
0.82
0.79
0.79
0.81
0.81
0.82
0.8
0.73
0.8
0.83
0.84
0.81
0.82
0.86
0.91
0.84
0.87
0.87
0.86
0.85
0.89
0.77
0.82
0.91
0.85
0.86
0.9
0.79
0.79
0.87
0.89
0.88
0.85
0.89
0.8
0.92
0.63
0.74
0.66
0.77
0.74
0.56
0.7
0.73
0.64
0.66
0.71
0.74
0.71
0.77
0.71
0.76
0.7
0.76
0.74
0.68
0.61
0.63
0.71
0.59
0.73
0.65
0.66
0.31
0.42
0.42
0.39
0.42
0.42
0.46
0.47
0.52
0.55
0.57
0.5
0.56
0.57
0.53
0.58
0.65
0.56
0.59
0.8
0.81
0.76
0.77
0.72
0.73
0.81
0.8
0.71
0.83
0.85
0.83
0.8
0.78
0.81
0.74
0.55
0.6
0.63
0.59
0.71
0.83
0.85
0.8
0.85
0.88
0.89
0.91
0.82
0.89
0.83
0.89
0.74
0.79
0.77
0.9
0.79
0.82
0.86
0.82
0.74
0.77
0.81
0.83
0.88
0.79
0.86
0.8
0.83
0.89
0.84
0.79
0.75
0.86
0.86
0.88
0.82
0.86
0.84
0.84
0.9
0.82
0.84
0.79
0.82
0.84
0.86
0.77
0.85
0.88
0.82
0.87
0.87
0.84
0.88
0.94
0.89
0.87
0.86
0.85
0.88
0.85
0.89
0.81
0.82
0.85
0.87
0.87
0.9
0.81
0.84
0.94
0.88
0.93
0.85
0.8
0.8
0.89
0.73
0.81
0.82
0.87
0.82
0.93
0.82
0.84
0.8
0.78
0.84
0.82
0.83
0.83
0.87
0.83
0.87
0.83
0.88
0.85
0.87
0.89
0.83
0.94
0.8
0.84
0.82
0.89
0.92
0.86
0.69
0.8
0.83
0.87
0.88
0.82
0.86
0.84
0.87
0.83
0.86
0.87
0.83
0.83
0.87
0.79
0.82
0.87
0.85
0.84
0.81
0.85
0.91
0.77
0.88
0.83
0.86
0.86
0.85
0.83
0.81
0.83
0.83
0.83
0.84
0.77
0.85
0.92
0.88
0.89
0.83
0.85
0.84
0.89
0.85
0.84
0.8
0.86
0.85
0.86
0.89
0.83
0.9
0.81
0.88
0.85
0.81
0.89
0.81
0.87
0.86
0.8
0.84
0.79
0.83
0.82
0.9
0.84
0.86
0.86
0.92
0.82
0.9
0.88
0.91
0.85
0.9
0.86
0.88
0.76
0.91
0.88
0.81
0.82
0.84
0.81
0.88
0.85
0.87
0.81
0.88
0.84
0.87
0.82
0.8
0.83
0.86
0.8
0.84
0.9
0.85
0.88
0.74
0.9
0.87
0.85
0.89
0.85
0.83
0.88
0.9
0.78
0.78
0.81
0.9
0.9
0.84
0.85
0.87
0.87
0.81
0.85
0.85
0.85
0.83
0.86
0.79
0.83
0.85
0.86
0.89
0.81
0.89
0.83
0.86
0.88
0.82
0.9
0.87
0.88
0.9
0.85
0.73
0.82
0.85
0.88
0.88
0.88
0.86
0.87
0.63
0.76
0.78
0.76
0.76
0.76
0.82
0.86
0.75
0.86
0.86
0.87
0.87
0.82
0.83
0.87
0.85
0.8
0.81
0.88
0.81
0.87
0.83
0.85
0.87
0.8
0.82
0.78
0.9
0.85
0.88
0.8
0.83
0.82
0.85
0.89
0.84
0.76
0.83
0.86
0.87
0.89
0.9
0.82
0.88
0.88
0.87
0.87
0.8
0.82
0.89
0.8
0.8
0.88
0.88
0.86
0.85
0.91
0.85
0.87
0.86
0.86
0.89
0.9
0.85
0.87
0.8
0.83
0.87
0.83
0.87
0.86
0.83
0.85
0.78
0.85
0.87
0.92
0.88
0.81
0.79
0.85
0.79
0.77
0.9
0.8
0.89
0.88
0.86
0.82
0.79
0.69
0.75
0.72
0.74
0.77
0.68
0.74
0.7
0.78
0.72
0.72
0.81
0.7
0.73
0.76
0.69
0.85
0.85
0.76
0.84
0.85
0.78
0.83
0.87
0.81
0.87
0.81
0.85
0.83
0.72
0.75
0.82
0.83
0.79
0.81
0.74
0.77
0.78
0.82
0.74
0.84
0.8
0.84
0.88
0.87
0.88
0.88
0.89
0.83
0.86
0.88
0.83
0.9
0.81
0.83
0.8
0.87
0.77
0.82
0.95
0.86
0.9
0.91
0.88
0.89
0.85
0.83
0.84
0.82
0.85
0.84
0.92
0.89
0.91
0.93
0.93
0.91
0.9
0.89
0.86
0.93
0.87
0.88
0.85
0.84
0.86
0.85
0.9
0.9
0.88
0.93
0.9
0.9
0.94
0.89
0.85
0.91
0.95
0.88
0.87
0.83
0.91
0.87
0.84
0.93
0.93
0.94
0.88
0.94
0.93
0.94
0.84
0.76
0.77
0.79
0.83
0.88
0.88
0.85
0.79
0.91
0.86
0.87
0.87
0.89
0.84
0.86
0.88
0.88
0.91
0.89
0.92
0.86
0.83
0.85
0.86
0.83
0.85
0.88
0.85
