3.18
2.86
2.78
3.2
3.08
3.24
3.22
2.9
3.36
2.88
3.18
2.54
3.2
3.5
3.14
3.42
3.22
2.78
2.96
2.86
3.2
3.44
3.4
2.84
3.22
3.5
3.14
2.82
3.0
3.32
3.54
3.2
2.9
2.82
3.18
3.1
3.14
2.88
2.96
2.86
3.2
3.14
3.16
2.78
2.22
2.36
2.42
2.92
2.1
2.0
2.56
2.0
2.52
1.84
2.34
2.06
1.96
2.02
2.5
2.5
2.42
2.3
2.72
1.2
1.54
7.51
3.28
3.46
3.12
2.58
2.66
2.9
2.88
3.26
2.64
2.58
2.5
2.96
2.86
2.78
2.94
2.84
2.92
2.64
2.94
3.36
2.72
2.82
3.04
2.7
3.2
3.1
2.78
2.96
2.64
2.88
26.69
10.33
3.54
2.21
1.28
2.32
1.4
2.18
1.76
1.0
1.02
1.26
1.84
1.56
1.52
1.34
1.26
10.83
5.72
5.58
3.3
4.34
3.33
6.16
3.4
2.53
4.49
3.23
1.5
1.84
1.56
0.94
1.48
1.4
2.32
2.0
1.64
3.44
1.78
1.98
3.21
1.98
2.44
2.76
2.16
2.02
1.72
1.8
2.68
2.4
2.18
1.9
1.94
2.2
2.24
2.1
2.0
1.88
1.94
2.34
1.78
2.16
1.74
1.32
2.81
1.76
1.22
1.04
1.12
0.96
0.8
2.05
1.38
3.12
1.72
1.66
1.0
1.84
1.38
1.38
1.04
0.94
1.34
3.08
0.98
1.54
1.26
1.28
1.18
1.84
4.04
0.64
0.68
3.14
1.82
3.11
3.07
1.32
1.46
1.48
1.93
1.22
1.28
1.24
1.22
1.4
1.44
1.14
1.78
1.08
1.5
1.18
1.3
9.2
1.14
0.76
0.74
0.54
0.68
0.94
0.84
0.68
1.46
0.68
0.62
0.54
1.18
0.44
0.82
1.43
2.3
1.48
1.4
1.18
1.2
1.28
1.18
1.46
1.18
2.15
7.18
0.64
0.56
0.64
0.72
0.76
0.5
0.52
0.96
0.46
0.6
0.72
0.52
0.74
0.4
0.52
0.66
2.15
3.1
0.72
0.72
2.62
1.34
1.48
1.5
1.12
1.36
1.5
1.1
1.38
1.92
1.36
0.54
0.64
0.66
0.6
0.48
1.51
0.42
1.39
0.62
0.5
0.6
0.8
0.44
0.72
0.36
0.72
0.64
1.45
1.46
2.62
0.34
0.8
0.58
0.54
2.05
0.6
0.42
0.64
1.72
0.72
7.33
3.58
2.1
1.4
1.32
3.41
1.66
1.24
4.16
3.38
1.26
1.14
1.42
1.48
1.28
1.26
5.01
2.72
1.54
1.94
1.38
1.62
1.7
2.65
1.74
1.68
1.38
1.58
1.5
1.4
1.64
1.28
2.46
2.23
1.78
2.4
1.52
1.72
1.38
0.96
1.48
1.42
1.28
1.26
1.46
2.57
1.48
1.28
2.04
1.22
1.4
1.62
1.36
1.38
1.56
1.3
1.04
1.16
1.5
1.44
2.32
1.58
1.1
1.64
1.38
1.08
1.56
3.32
1.62
1.08
1.22
1.3
2.07
1.3
1.18
1.92
1.42
1.08
1.32
1.28
1.46
1.44
1.16
1.36
1.76
3.06
1.32
1.66
1.22
1.04
1.38
1.92
1.26
1.14
1.48
1.22
1.56
1.38
1.86
1.32
1.6
2.22
2.28
1.36
0.98
1.26
0.84
1.38
1.1
2.53
1.32
1.74
1.32
1.2
1.26
1.26
1.3
1.36
1.34
2.13
1.34
2.35
2.07
1.26
1.12
1.42
1.18
1.3
1.14
1.38
1.22
1.24
1.18
1.44
1.24
1.22
2.04
1.72
1.16
1.3
1.94
1.32
1.6
1.32
0.8
1.78
0.84
0.96
0.76
0.86
1.36
0.78
0.94
0.94
0.66
0.68
0.8
0.84
0.52
0.5
0.94
0.62
0.68
0.52
0.44
0.6
0.42
0.64
0.66
0.5
0.7
0.6
0.6
0.54
0.66
0.54
0.6
0.62
0.44
0.64
0.5
0.58
0.56
0.58
0.8
0.7
0.7
0.54
0.66
0.78
0.62
0.88
0.82
0.52
0.9
0.92
0.72
0.56
0.68
0.56
0.52
0.46
0.9
0.66
0.64
0.6
0.88
0.54
0.44
0.48
0.7
0.44
0.76
0.96
0.44
0.56
0.9
0.8
0.78
0.64
0.54
0.54
0.7
0.68
0.84
0.76
0.52
0.7
0.68
0.62
0.72
0.58
0.78
0.56
0.64
0.74
0.64
0.46
0.78
0.82
0.68
0.7
0.38
0.52
0.5
0.52
0.44
0.52
0.58
1.08
0.5
0.54
0.8
0.54
0.68
0.92
0.78
0.62
0.54
0.58
0.62
0.46
0.44
0.44
0.58
0.44
0.38
0.68
0.54
0.56
0.44
0.44
0.76
0.3
1.02
0.78
0.74
0.72
0.72
0.46
0.54
0.62
0.68
0.6
0.52
0.48
0.7
0.54
0.5
0.48
0.64
0.66
0.44
0.46
0.6
0.58
2.24
2.14
0.82
0.76
0.62
1.08
0.68
0.76
0.74
1.18
0.6
0.68
0.66
0.72
0.68
0.68
0.58
0.68
0.6
0.66
1.02
0.78
0.46
1.02
0.6
0.68
0.74
0.66
0.5
0.96
3.18
1.58
1.88
1.5
1.18
1.86
2.0
1.66
1.28
1.58
4.94
1.2
1.38
1.22
0.96
0.72
2.52
0.96
0.88
1.74
0.62
0.76
0.8
0.78
2.18
1.7
1.32
4.38
1.44
1.6
2.66
1.1
1.24
1.4
1.16
1.3
1.38
1.76
2.26
1.48
1.32
1.02
1.38
3.03
1.6
1.24
1.36
1.28
1.02
2.04
1.04
1.16
1.46
1.06
1.42
1.3
2.7
0.78
5.03
1.08
1.22
0.9
0.94
2.17
1.16
1.28
1.14
1.38
1.95
0.46
0.64
1.84
1.04
2.85
1.24
1.58
2.16
1.64
0.94
1.2
1.78
2.77
2.26
1.28
1.2
3.55
1.88
1.8
0.54
0.3
1.33
1.18
0.24
0.5
0.48
0.32
0.22
0.32
0.26
0.3
2.83
0.9
0.72
1.18
0.98
0.62
0.76
0.6
0.42
0.96
0.72
2.54
0.9
0.82
0.6
0.6
0.42
0.62
0.7
0.6
0.68
0.76
0.5
0.64
0.4
0.56
0.54
1.36
0.42
0.9
0.66
0.54
1.0
0.84
0.68
0.64
0.54
1.24
0.98
0.74
0.44
0.9
0.46
0.6
0.54
0.38
0.8
0.42
0.32
0.68
0.32
0.5
0.5
0.56
0.52
0.48
0.6
0.38
0.5
0.6
0.84
0.58
0.48
0.36
0.52
0.84
0.68
0.32
0.42
0.46
0.48
0.4
0.58
0.56
0.7
0.32
0.3
0.62
0.26
0.34
0.3
0.54
0.42
0.92
0.94
0.66
0.52
0.32
0.5
0.44
0.44
0.46
0.66
0.64
0.54
0.86
0.78
0.42
0.5
0.54
0.46
0.72
0.58
0.52
0.54
0.38
0.46
0.6
0.6
0.62
0.56
0.54
0.88
0.72
0.5
0.5
0.42
0.46
0.44
0.42
0.48
0.62
0.4
0.34
0.6
0.46
0.18
1.82
0.44
0.32
0.36
1.54
0.68
0.94
0.8
0.44
0.44
0.54
0.94
0.76
1.18
0.86
1.14
0.66
1.14
0.48
0.74
0.48
0.68
0.88
0.48
0.3
0.36
0.5
0.4
0.14
0.34
0.36
0.34
0.62
0.6
0.34
0.42
0.38
0.42
0.5
0.68
0.18
0.84
0.28
0.68
0.16
0.28
0.3
0.36
0.24
0.48
0.62
0.28
0.22
0.54
0.44
0.6
0.46
0.52
0.42
0.4
0.5
0.44
0.32
0.74
0.4
0.6
0.44
0.94
0.74
0.62
0.64
0.3
0.5
0.24
0.5
0.3
0.38
0.4
0.4
0.52
0.48
0.6
0.62
0.52
0.5
0.4
0.64
0.3
0.36
0.4
0.4
1.08
0.98
0.8
0.64
0.72
0.78
0.8
0.7
0.66
0.92
0.54
0.24
0.28
0.46
0.42
0.54
0.96
0.8
0.48
0.62
0.34
0.44
0.44
0.34
0.28
0.52
0.32
0.32
0.42
0.42
0.42
0.4
0.34
0.3
0.46
0.32
0.24
0.36
0.32
0.3
0.44
0.48
0.52
0.24
0.48
0.58
0.52
0.36
0.22
0.4
0.5
0.44
0.4
0.5
0.44
1.16
2.16
0.98
1.0
1.0
0.96
1.16
1.24
1.14
0.86
1.24
1.1
1.06
0.58
0.84
0.88
0.68
0.6
0.56
0.7
0.9
0.62
0.76
0.56
0.74
0.62
1.52
0.76
0.62
0.66
0.62
1.06
1.1
0.98
0.78
0.58
0.54
0.58
0.46
0.9
0.5
0.46
0.54
0.56
0.88
0.74
0.48
0.38
0.72
0.42
0.78
1.58
1.56
0.66
0.74
0.9
0.6
0.54
0.46
0.58
0.56
0.8
0.48
0.56
0.48
0.44
0.78
0.56
0.48
0.56
0.56
0.6
0.44
0.56
0.22
0.56
0.52
0.48
0.6
0.6
0.5
1.52
0.48
0.54
0.56
0.58
0.38
0.72
0.46
3.71
1.48
0.52
0.56
0.44
0.7
1.14
0.44
0.72
1.37
0.62
0.56
0.56
0.38
0.84
0.52
0.56
0.52
0.42
0.54
0.38
0.36
0.44
1.3
1.26
1.5
1.28
1.18
0.96
0.46
0.36
3.26
1.22
2.72
1.54
1.58
1.18
1.48
2.37
0.76
0.7
1.02
4.58
2.34
1.74
1.7
1.82
1.74
2.22
1.7
1.78
1.48
1.58
1.98
2.04
1.7
1.4
1.9
1.44
1.68
1.68
1.76
1.3
1.6
1.46
1.7
2.06
1.9
1.5
1.9
1.94
1.7
1.68
1.6
1.86
1.82
1.7
1.82
1.86
1.2
0.98
1.88
1.84
1.78
1.44
1.82
0.42
0.4
0.42
0.56
0.34
0.34
0.52
0.32
0.24
0.64
0.92
0.48
0.3
0.48
0.36
0.4
0.4
0.42
0.9
2.7
1.0
1.08
0.88
0.92
1.06
1.26
1.06
1.16
1.16
1.1
1.18
1.0
1.12
1.79
0.46
0.32
0.56
1.02
0.26
0.4
0.24
0.62
0.42
0.8
0.84
0.52
0.36
0.58
0.7
1.28
0.66
0.36
0.46
0.5
0.5
0.38
2.0
0.44
1.46
0.64
0.5
0.38
0.88
0.38
0.5
0.48
0.84
1.61
0.42
0.5
0.38
0.34
0.64
0.46
0.54
0.54
0.34
0.52
0.3
0.52
0.44
0.44
0.56
1.31
0.72
0.78
0.56
0.64
0.36
1.39
0.6
1.2
1.4
0.32
0.72
2.47
3.57
0.9
0.6
0.58
0.62
0.56
0.68
0.6
1.83
0.7
7.52
0.7
1.0
3.59
0.94
0.74
1.22
0.96
0.76
0.82
2.03
0.72
1.71
0.92
0.86
0.92
0.78
1.64
0.96
0.54
0.8
0.92
1.64
0.64
0.94
0.6
0.7
0.62
0.64
0.84
0.84
1.08
0.76
0.86
0.96
0.78
0.58
0.74
0.5
1.82
0.92
1.58
2.56
0.7
0.66
0.92
0.72
1.24
0.8
1.0
1.0
0.82
0.76
0.82
1.04
0.66
1.08
0.98
1.98
0.84
0.76
0.78
0.88
0.8
1.2
0.8
0.68
0.9
0.98
1.48
1.02
0.7
1.04
0.68
0.54
2.61
4.02
0.9
0.48
0.6
0.56
0.84
0.5
0.6
0.76
0.68
0.52
1.79
0.56
0.86
0.9
1.04
0.98
0.68
0.68
0.78
0.64
0.74
0.8
4.83
1.16
0.98
0.84
2.5
1.3
1.0
0.76
0.8
0.66
1.08
0.46
0.8
0.74
0.7
0.82
0.9
0.6
0.64
0.62
0.78
0.8
0.92
0.92
0.62
0.78
0.96
0.88
0.92
1.2
1.87
3.39
0.44
0.56
0.5
0.48
0.54
0.44
0.56
0.68
0.56
1.12
0.4
1.08
0.4
1.22
0.2
0.42
0.3
0.34
0.34
0.36
0.32
1.1
0.4
0.28
0.5
0.28
0.22
0.46
0.48
0.28
0.26
0.32
0.32
0.34
0.52
0.26
4.97
0.56
0.74
0.52
0.58
10.14
3.49
0.64
0.88
0.68
0.62
0.52
0.6
0.48
0.58
1.3
0.64
0.5
0.56
0.74
0.84
0.78
0.62
0.88
0.6
0.8
2.94
3.02
4.14
3.7
5.59
3.25
2.48
2.36
3.56
1.74
1.78
3.07
2.84
2.76
2.68
1.92
1.82
1.52
2.74
3.03
0.46
0.44
0.66
0.64
0.72
0.66
0.42
0.5
0.6
0.4
0.34
0.34
1.44
0.48
0.38
1.45
2.23
1.04
1.12
2.25
0.8
0.38
0.64
0.44
0.3
0.24
0.22
0.2
0.42
0.22
0.34
0.22
1.47
0.42
0.54
0.22
0.46
0.38
0.84
0.38
2.6
0.48
0.42
0.38
0.34
0.44
0.32
0.42
0.54
0.82
0.32
1.22
0.96
0.32
0.74
0.74
0.84
0.3
0.74
0.38
0.2
0.42
0.66
0.68
0.68
0.38
0.28
0.62
0.3
0.24
0.36
0.3
0.28
0.8
0.28
0.14
0.36
0.3
0.44
0.38
0.24
0.32
0.22
1.34
0.38
0.3
0.26
0.4
0.22
0.76
0.32
0.22
0.28
0.14
0.32
1.38
0.44
0.22
1.04
0.4
0.36
0.26
0.4
0.14
0.72
0.5
0.74
0.48
0.32
0.7
0.68
0.36
0.32
0.36
0.58
0.48
0.26
0.66
0.32
0.28
0.34
0.12
0.44
0.34
0.38
0.26
0.18
0.62
2.92
0.5
0.36
0.32
0.26
0.42
0.76
0.4
0.66
0.4
0.32
0.34
0.38
0.8
0.32
0.46
0.44
0.4
0.34
0.92
0.46
0.36
0.24
0.58
0.52
0.74
0.34
0.36
0.36
0.4
0.58
0.86
0.38
0.36
0.42
0.6
0.34
0.2
0.28
0.3
0.44
0.42
0.36
0.32
0.64
0.38
0.82
0.48
0.42
0.38
0.3
0.36
0.22
0.42
0.28
0.38
0.46
0.28
0.6
0.28
0.34
0.52
0.36
0.5
0.42
0.46
0.26
0.38
0.34
0.4
0.2
0.48
0.24
0.28
0.22
0.32
0.26
0.6
0.24
0.56
0.18
0.26
0.44
0.42
0.56
0.44
0.46
0.32
0.54
0.54
0.3
0.44
0.34
0.5
0.48
0.38
0.4
0.86
0.72
0.24
0.4
0.28
0.58
0.3
0.32
0.56
0.24
0.56
0.4
0.28
0.2
0.56
0.52
0.68
0.2
0.24
0.38
0.34
0.26
0.34
0.5
0.4
0.54
0.32
0.42
0.42
0.58
0.46
0.5
0.4
0.28
0.5
0.26
0.42
0.3
0.3
0.46
0.54
0.32
0.28
0.24
0.4
1.02
0.56
0.38
0.3
0.34
0.6
0.34
0.3
3.29
0.94
0.5
0.58
0.68
0.66
0.42
0.48
1.28
0.28
0.6
0.26
0.26
0.4
0.42
0.32
0.4
1.22
0.48
0.52
0.44
0.26
0.36
0.34
0.54
0.44
0.36
0.52
0.2
0.3
0.24
0.48
0.34
0.4
0.3
0.22
0.34
0.54
0.42
0.66
0.32
0.24
0.22
0.38
0.44
0.26
0.26
0.48
0.44
0.38
0.24
0.6
0.42
0.24
0.28
0.28
0.3
0.18
0.36
0.48
0.46
0.28
0.26
0.2
0.32
0.26
0.4
0.4
0.28
0.38
0.26
0.32
0.42
0.3
0.54
0.32
0.26
0.4
0.24
0.4
0.48
0.32
0.42
0.54
0.2
0.42
0.24
0.24
0.3
0.36
0.46
1.98
0.58
0.6
0.68
0.56
1.14
0.64
2.83
0.48
0.74
1.14
0.44
0.66
0.62
0.52
0.78
0.86
0.3
0.56
0.34
0.34
0.5
0.34
0.28
0.4
0.28
0.4
0.34
0.38
1.7
1.06
1.02
1.28
1.12
1.26
0.54
0.48
0.62
0.38
1.2
2.64
0.96
0.32
0.54
0.56
0.32
0.28
0.22
0.66
0.3
0.24
0.5
0.22
0.38
0.34
0.42
0.26
0.48
0.38
0.44
0.28
0.2
0.2
0.28
0.24
0.32
0.36
0.36
0.38
0.3
0.4
0.18
0.22
0.18
0.14
0.14
0.18
0.2
0.22
0.28
0.14
0.26
0.26
0.3
0.34
0.32
0.3
0.2
0.2
0.26
0.14
0.2
0.22
0.14
0.22
0.34
0.22
0.12
0.24
0.28
0.34
0.2
0.3
0.34
0.14
0.14
0.14
0.24
0.12
0.14
0.12
2.2
1.72
1.16
0.54
1.34
1.08
1.16
1.16
1.66
0.78
0.58
0.66
1.02
1.1
0.96
0.7
0.82
0.74
0.72
0.52
0.2
1.0
0.98
0.38
0.6
0.58
1.06
1.06
1.68
