63.34
38.48
22.83
7.75
3.3
2.42
1.98
1.94
1.96
1.48
1.4
1.76
1.34
1.88
1.5
1.48
1.72
1.5
1.54
1.14
2.08
2.1
1.2
1.56
1.16
1.32
1.34
1.18
1.3
1.3
1.2
1.3
1.42
1.6
1.2
1.28
1.34
1.66
1.54
1.28
1.3
1.54
1.4
1.42
2.24
2.26
1.42
0.96
1.2
1.62
2.38
2.08
2.3
1.48
1.22
1.4
1.76
1.4
1.14
1.3
1.38
1.14
2.56
2.04
1.42
1.3
1.32
1.22
1.54
1.54
1.56
1.18
1.08
0.98
1.32
1.4
1.54
0.72
0.6
0.56
0.56
0.54
0.42
0.44
0.7
0.58
0.64
0.46
0.44
0.5
0.6
0.62
0.58
0.56
0.42
0.44
0.44
0.64
0.54
0.54
0.48
0.44
0.54
0.5
0.34
0.56
0.38
1.02
0.38
0.58
0.42
0.34
0.5
0.88
0.36
0.36
0.44
1.24
0.68
0.36
0.32
0.44
0.4
0.46
0.42
0.42
0.76
0.46
8.15
1.4
1.02
1.14
1.2
0.78
1.36
0.62
0.78
1.14
1.8
1.76
1.8
2.08
0.92
1.02
0.58
0.86
0.96
0.94
0.54
0.64
0.74
0.82
0.84
0.64
1.06
1.14
0.8
0.68
1.4
1.0
0.76
0.78
0.8
0.74
0.86
0.72
0.64
0.94
1.1
0.72
0.72
1.77
0.62
0.56
0.46
0.64
0.42
0.54
0.58
0.44
1.18
0.78
0.66
1.04
0.62
0.92
0.68
0.44
0.52
0.44
0.8
0.8
0.74
0.6
1.59
0.64
1.65
1.58
0.58
1.0
0.9
0.66
0.8
1.53
0.48
1.55
0.68
0.48
1.48
0.36
0.26
0.36
0.28
0.44
0.34
0.42
0.94
0.12
0.24
0.3
0.16
0.24
0.2
0.36
0.44
1.44
0.2
1.18
0.18
0.3
0.36
1.13
0.7
0.42
0.38
0.2
0.48
0.24
0.28
0.48
0.62
0.42
0.52
0.86
0.6
0.58
2.26
1.36
1.0
0.32
0.46
0.56
0.58
0.5
0.4
0.48
0.64
0.5
0.48
0.42
0.4
0.66
0.6
0.84
0.88
0.68
0.54
0.92
0.76
0.62
0.62
0.56
0.64
0.54
0.5
0.42
0.52
0.56
0.56
0.52
0.78
0.66
0.5
0.66
0.5
0.56
0.62
0.48
0.44
0.7
0.58
0.64
0.62
0.48
0.58
0.72
0.56
0.48
0.44
0.52
0.58
0.62
0.82
0.62
0.8
1.0
0.62
0.78
0.82
4.8
1.42
1.5
1.62
1.24
1.52
1.06
1.22
1.1
0.52
0.92
0.8
0.76
1.28
0.8
1.0
0.62
0.54
0.46
0.7
0.82
0.7
0.7
0.64
0.58
0.44
0.46
0.54
0.58
0.42
0.74
0.62
0.5
0.5
0.76
0.78
0.66
0.56
0.38
0.5
0.42
0.5
0.52
0.46
0.36
0.3
0.26
0.4
0.28
0.52
0.42
0.44
0.3
0.22
0.36
0.6
0.16
0.46
0.38
0.22
0.32
0.46
0.38
0.5
0.22
0.28
0.3
0.34
0.3
0.18
0.4
0.42
0.24
0.26
0.84
0.28
0.36
0.34
0.22
0.16
0.2
0.24
0.32
0.16
0.22
0.34
0.58
0.44
0.5
0.34
0.48
0.46
0.24
0.44
0.36
0.3
0.46
0.72
0.58
0.34
0.5
0.22
0.32
0.3
0.44
0.24
0.32
0.36
0.48
0.4
0.28
0.16
0.18
0.66
0.32
0.16
0.52
0.28
0.34
0.36
0.14
0.28
0.3
0.54
0.54
0.38
0.4
0.22
0.44
0.34
0.3
0.22
0.32
0.32
0.38
0.58
0.34
0.5
0.54
0.38
0.46
0.5
0.44
0.46
0.32
0.32
0.22
0.36
0.38
0.38
0.28
0.22
0.42
0.4
0.26
0.32
0.52
0.58
0.22
0.28
0.18
0.28
0.22
0.24
0.22
0.3
0.24
0.1
0.36
0.1
0.24
0.16
0.58
0.4
0.64
0.3
0.44
0.44
0.3
0.24
0.22
0.14
0.28
0.24
0.24
0.36
0.32
0.3
0.22
0.16
0.16
0.2
0.26
0.24
0.32
0.26
0.14
0.2
0.22
0.16
0.26
0.14
0.16
0.2
0.34
0.3
0.46
0.22
0.3
0.22
0.42
0.22
0.34
0.4
0.66
0.68
0.26
0.4
0.3
0.44
0.38
0.24
0.32
0.44
0.3
0.28
0.28
0.52
0.5
0.5
0.36
0.3
0.1
0.5
0.26
0.32
0.96
0.44
0.42
0.26
0.26
0.28
0.2
0.16
0.22
0.28
0.24
0.4
0.46
0.4
0.32
0.48
0.46
0.34
0.3
0.24
0.48
0.4
0.24
0.3
0.34
0.34
0.3
0.24
0.3
0.32
0.38
0.2
0.34
0.28
0.34
0.16
0.24
0.28
0.28
0.32
0.44
0.42
0.28
0.18
2.28
1.06
1.02
1.14
1.26
1.02
0.94
0.72
0.48
0.76
0.9
0.64
1.14
0.76
0.86
0.58
0.6
1.02
1.26
1.32
1.34
0.7
0.56
0.2
0.44
0.44
0.42
0.46
0.38
0.26
0.36
0.34
0.38
0.5
0.42
0.42
0.46
0.34
0.3
0.4
0.4
0.4
0.26
0.42
0.56
0.54
0.46
0.32
0.4
0.36
0.56
0.22
0.54
0.56
0.5
0.36
0.46
0.7
0.7
0.36
0.44
0.78
0.64
0.54
0.44
0.38
0.32
0.34
0.92
0.3
0.24
0.32
0.26
0.24
0.2
0.22
0.28
0.14
0.22
0.38
0.22
0.24
0.34
0.18
0.46
0.18
0.2
0.16
0.24
0.2
0.18
0.2
0.06
0.2
0.06
0.22
0.16
0.2
0.12
0.26
0.3
0.24
0.1
0.1
0.1
0.18
0.1
0.12
0.18
0.1
0.12
0.12
0.22
0.12
0.18
0.42
0.22
0.22
0.2
0.22
0.16
0.2
0.1
0.3
0.24
0.5
0.3
0.4
0.28
0.16
0.16
0.1
0.2
0.24
0.2
0.22
0.12
0.28
0.16
0.1
0.4
0.38
0.12
0.3
0.18
0.16
0.32
0.14
0.38
0.14
0.2
0.2
0.22
0.26
0.32
0.12
0.18
0.14
0.34
0.14
0.28
0.54
0.44
0.34
0.24
0.3
0.2
0.24
0.14
0.14
0.2
0.24
0.38
0.28
0.26
0.3
0.56
0.3
0.36
0.36
0.38
0.38
0.28
0.34
0.2
0.24
0.22
0.3
0.18
0.22
0.2
0.26
0.2
0.22
0.2
0.32
0.18
0.1
0.16
0.12
0.2
0.1
0.24
0.14
0.2
0.12
0.22
0.52
0.36
0.32
0.26
0.32
0.28
0.24
0.2
0.24
0.14
0.18
0.26
0.18
0.2
0.34
0.44
0.4
0.38
0.48
0.2
0.44
0.32
0.16
0.2
0.36
0.34
0.22
0.24
0.1
0.14
0.24
0.16
0.24
0.22
0.14
0.24
0.34
0.22
0.32
0.1
0.32
0.22
0.14
0.24
0.1
0.2
0.26
0.14
0.08
0.08
0.2
0.22
0.52
0.2
0.16
0.2
0.26
0.34
0.3
0.34
0.54
0.44
0.38
0.2
0.12
0.12
0.08
0.12
0.2
0.14
0.08
0.16
0.06
0.18
0.4
0.1
0.06
0.12
0.18
0.1
0.14
0.08
0.18
0.12
0.04
0.12
0.08
0.16
0.08
0.1
0.14
0.18
0.36
0.2
0.18
0.2
0.22
0.24
0.12
0.32
0.32
0.3
0.38
0.4
0.34
0.32
0.44
0.28
0.24
0.44
0.42
0.4
0.44
0.5
0.5
0.52
0.5
0.36
0.3
0.26
0.48
0.32
0.32
0.44
0.42
0.36
0.56
0.36
0.48
0.4
0.38
0.46
0.26
0.4
0.22
0.24
0.36
0.2
0.3
0.32
0.22
0.28
0.14
0.14
0.28
0.32
0.26
0.22
0.16
0.2
0.2
0.2
0.22
0.24
0.06
0.22
0.18
0.26
0.16
0.18
0.14
0.2
0.28
0.38
0.14
0.28
0.2
0.18
0.1
0.22
0.2
0.22
0.46
0.22
0.24
0.04
0.08
0.12
0.12
0.1
0.08
0.06
0.18
0.1
0.14
0.1
0.26
0.12
0.06
0.22
0.06
0.16
0.08
0.3
0.1
0.22
0.1
0.1
0.08
0.1
0.18
0.08
0.1
0.02
0.14
0.06
0.18
0.02
0.14
0.02
0.12
0.08
0.14
0.1
0.18
0.2
0.1
0.16
0.04
0.18
0.16
0.1
0.16
0.12
0.2
0.16
0.18
0.08
0.32
0.08
0.06
0.14
0.42
0.26
0.08
0.1
0.0
0.08
0.12
0.06
0.06
0.0
0.08
0.04
0.06
0.16
0.24
0.2
0.22
0.18
0.14
0.22
0.16
0.08
0.22
0.16
0.04
0.02
0.12
0.1
0.16
0.12
0.12
0.08
0.04
0.18
0.16
0.12
0.06
0.22
0.26
0.04
0.12
0.08
0.06
0.18
0.1
0.14
0.14
0.08
0.14
0.12
0.14
0.2
0.12
0.1
0.12
0.2
0.08
0.1
0.16
0.08
0.08
0.12
0.1
0.06
0.34
0.02
0.08
0.06
0.08
0.14
0.14
0.16
0.12
0.08
0.16
0.16
0.16
0.16
0.28
0.12
0.14
0.2
0.22
0.14
0.18
0.22
0.08
0.2
0.14
0.26
0.14
0.18
0.12
0.18
0.06
0.12
0.06
0.22
0.18
0.2
0.06
0.18
0.18
0.46
0.28
0.18
0.12
0.2
0.2
0.08
0.16
0.28
0.28
0.34
0.32
0.34
0.12
0.12
0.2
0.12
0.16
0.12
0.1
0.22
0.06
0.26
0.18
0.3
0.24
0.2
0.26
0.32
0.1
0.08
0.08
0.12
0.08
0.22
0.26
0.12
0.2
0.2
0.14
0.16
0.2
0.14
0.16
0.16
0.1
0.1
0.06
0.18
0.14
0.12
0.06
0.04
0.06
0.14
0.2
0.02
0.08
0.16
0.2
0.12
0.04
0.14
0.28
0.22
0.16
0.06
0.1
0.08
0.2
0.18
0.1
0.3
0.18
0.14
0.24
0.1
0.22
0.12
0.14
0.12
0.14
0.1
0.16
0.16
0.12
0.16
0.28
0.28
0.26
0.1
0.12
0.28
0.16
0.14
0.22
0.16
0.18
0.18
0.1
0.24
0.16
0.12
0.16
0.24
0.2
0.18
0.26
0.14
0.12
0.08
0.18
0.1
0.06
0.12
0.36
0.18
0.12
0.22
0.26
0.16
0.22
0.26
0.26
0.2
0.02
0.14
0.18
0.14
0.24
0.12
0.12
0.24
0.18
0.16
0.16
0.18
0.2
0.18
0.16
0.3
0.2
0.12
0.1
0.22
0.14
0.18
0.1
0.24
0.06
0.04
0.22
0.26
0.32
0.46
0.08
0.06
0.14
0.1
0.26
0.48
0.2
0.1
0.26
0.14
0.18
0.24
0.28
0.08
0.06
0.14
0.12
0.28
0.14
0.16
0.06
0.32
0.16
0.16
0.26
0.18
0.2
0.28
0.24
0.16
0.1
0.18
0.14
0.14
0.1
0.1
0.1
0.14
0.14
0.2
0.1
0.14
0.28
0.2
0.3
0.14
0.12
0.08
0.08
0.18
0.18
0.04
0.14
0.22
0.24
0.22
0.12
0.14
0.16
0.1
0.14
0.16
0.2
0.14
0.1
0.28
0.32
0.2
0.2
0.22
0.24
0.2
0.2
0.3
0.24
0.18
0.34
0.24
0.32
0.86
0.3
0.28
0.3
0.26
0.08
0.52
0.3
0.24
0.06
0.18
0.28
0.24
0.22
0.3
0.32
0.12
0.2
0.24
0.2
0.26
0.3
0.32
0.34
0.16
0.2
0.2
0.24
0.28
0.32
0.22
0.24
0.2
0.22
0.34
0.24
0.36
0.44
0.4
0.44
0.34
0.26
0.14
0.44
0.3
0.32
0.38
0.18
0.18
0.16
0.22
0.28
0.34
0.38
0.14
0.2
0.2
0.28
0.24
0.14
0.08
0.4
0.2
0.66
0.2
0.08
0.18
0.28
0.14
0.26
0.36
0.26
0.32
0.36
0.22
0.3
0.34
0.42
0.32
0.24
0.16
0.14
0.12
0.14
0.22
0.22
0.3
0.16
0.18
0.18
0.36
0.32
0.06
0.18
0.12
0.12
0.14
0.2
0.32
0.14
0.04
0.14
0.12
0.16
0.28
0.06
0.06
0.32
0.24
0.1
0.14
0.2
0.18
0.1
0.18
0.18
0.1
0.2
0.1
0.18
0.16
0.18
0.26
0.26
0.22
0.24
0.18
0.1
0.28
0.08
0.06
0.1
0.1
0.08
0.26
0.16
0.08
0.06
0.02
0.12
0.06
0.12
0.2
0.06
0.04
0.08
0.02
0.26
0.1
0.12
0.14
0.24
0.18
0.02
0.22
0.16
0.18
0.28
0.12
0.14
0.04
0.16
0.12
0.08
0.04
0.24
0.02
0.1
0.12
0.14
0.02
0.12
0.08
0.12
0.04
0.0
0.14
0.16
0.1
0.04
0.08
0.14
0.1
0.16
0.1
0.06
0.2
0.06
0.12
0.16
0.12
0.14
0.08
0.16
0.1
0.1
0.18
0.2
0.14
0.2
0.12
0.1
0.12
0.12
0.08
0.08
0.12
0.1
0.04
0.06
0.18
0.16
0.08
0.16
0.14
0.08
0.16
0.08
0.08
0.16
0.2
0.12
0.26
0.22
0.32
0.14
0.2
0.26
0.18
0.14
0.08
0.1
0.14
0.12
0.06
0.14
0.18
0.28
0.12
0.18
0.06
0.14
0.12
0.1
0.1
0.08
0.1
0.06
0.06
0.08
0.02
0.12
0.14
0.1
0.18
0.18
0.18
0.26
0.1
0.28
0.2
0.34
0.28
0.22
0.28
0.32
0.2
0.2
0.12
0.3
0.18
0.42
0.28
0.18
0.26
0.3
0.24
0.1
0.12
0.1
0.16
0.2
0.14
0.06
0.14
0.16
0.04
0.1
0.1
0.18
0.14
0.08
0.14
0.06
0.12
0.22
0.06
0.18
0.1
0.1
0.16
0.18
0.0
0.1
0.0
0.2
0.18
0.1
0.12
0.14
0.2
0.2
0.22
0.2
0.24
0.06
0.14
0.12
0.14
0.08
0.12
0.12
0.12
0.08
0.04
0.08
0.1
0.12
0.28
0.08
0.1
0.14
0.06
0.12
0.2
0.26
0.2
0.22
0.22
0.12
0.32
0.2
0.12
0.12
0.1
0.1
0.06
0.02
0.1
0.08
0.04
0.18
0.14
0.08
0.06
0.14
0.02
0.08
0.08
0.2
0.08
0.08
0.08
0.18
0.1
0.1
0.04
0.22
0.18
0.16
0.04
0.06
0.2
0.16
0.16
0.12
0.08
0.12
0.08
0.26
0.12
0.02
0.04
0.12
0.08
0.12
0.02
0.26
0.1
0.08
0.16
0.12
0.1
0.08
0.08
0.08
0.08
0.08
0.08
0.18
0.12
0.22
0.18
0.18
0.18
0.22
0.12
0.36
0.22
0.28
0.3
0.32
0.26
0.24
0.26
0.08
0.2
0.12
0.12
0.12
0.08
0.1
0.1
0.16
0.06
0.22
0.02
0.02
0.1
0.24
0.18
0.14
0.16
0.18
0.14
0.16
0.1
0.06
0.14
0.08
0.1
0.1
0.08
0.08
0.08
0.14
0.28
0.26
0.36
0.34
0.2
0.24
0.22
0.1
0.08
0.12
0.12
0.26
0.1
0.14
0.18
0.12
0.14
0.38
0.2
0.3
0.16
0.22
0.28
0.22
0.24
0.22
0.26
0.3
0.38
0.26
0.18
0.22
0.28
0.12
0.14
0.08
0.18
0.42
0.36
0.4
0.26
0.2
0.24
0.22
0.12
0.24
0.12
0.06
0.08
0.18
0.12
0.16
0.2
0.08
0.0
0.16
0.06
0.18
0.08
0.14
0.08
0.08
0.06
0.08
0.14
0.14
0.12
0.14
0.26
0.28
0.22
0.18
0.18
0.16
0.24
0.24
0.1
0.24
0.08
0.14
0.1
0.1
0.02
0.08
0.14
0.04
0.08
0.04
0.02
0.14
0.1
0.12
0.2
0.08
0.16
0.08
0.08
0.16
0.06
0.08
0.06
0.08
0.08
0.32
0.16
0.14
0.1
0.12
0.04
0.16
0.22
0.12
0.1
0.16
0.22
0.14
0.12
0.24
0.26
0.08
0.02
0.12
0.22
0.14
0.08
0.2
0.14
0.26
0.12
0.14
0.08
0.12
0.1
0.1
0.1
0.04
0.18
0.04
0.1
0.08
0.18
0.16
0.08
0.08
0.06
0.06
0.12
0.06
0.0
0.12
0.14
0.14
0.22
0.12
0.16
0.32
0.14
0.28
0.16
0.18
0.08
0.04
0.12
0.08
0.1
0.1
0.1
0.18
0.24
0.2
0.06
0.5
0.32
0.22
0.06
0.08
0.24
0.06
0.08
0.04
0.14
0.2
0.08
0.18
0.28
1.36
0.46
0.24
0.28
