55.62
40.26
55.41
54.29
54.26
50.59
58.43
68.04
68.88
59.84
68.16
62.41
56.97
62.46
63.45
66.12
71.84
70.63
61.66
63.35
62.47
67.29
57.06
59.0
72.77
59.79
60.58
61.63
52.52
59.69
63.49
57.99
68.06
69.81
54.33
55.32
68.19
61.7
56.93
60.69
62.56
63.57
70.01
62.58
59.66
63.59
54.21
67.13
62.56
58.01
64.23
66.31
64.4
61.69
61.66
58.22
68.17
64.27
68.1
61.58
67.24
61.55
63.46
66.07
63.26
64.5
60.76
60.7
63.57
67.94
60.67
62.49
61.48
60.7
55.06
60.7
62.64
60.66
64.39
59.74
68.03
58.89
63.54
49.81
67.04
60.74
59.86
62.79
57.22
53.23
57.9
52.15
36.62
14.89
14.13
7.41
3.33
3.89
3.9
4.06
1.86
4.06
3.92
3.72
3.11
4.61
3.05
2.24
2.44
2.22
2.36
2.44
2.18
2.28
2.18
2.2
2.78
2.12
2.46
2.32
2.16
2.38
2.52
2.02
2.12
2.08
2.44
2.18
1.74
2.44
2.14
2.12
2.26
2.4
2.16
2.32
2.04
2.16
2.24
2.32
2.24
2.26
2.38
2.84
2.26
1.68
2.18
2.1
2.06
2.26
2.14
2.34
1.8
1.94
2.6
2.26
2.2
2.32
2.4
2.16
2.22
1.86
2.56
2.04
2.12
2.26
2.54
2.3
2.12
2.22
2.38
2.64
2.12
2.4
2.46
2.24
2.0
2.5
2.52
2.54
1.8
2.44
2.44
2.12
1.98
2.26
2.32
2.06
2.08
2.06
2.0
2.22
2.32
2.02
2.22
2.4
2.54
2.32
2.14
2.02
2.34
1.98
2.16
2.18
2.32
2.16
1.92
2.22
2.44
2.3
2.14
2.34
2.8
3.39
3.84
3.49
2.5
2.12
2.32
2.54
2.06
2.2
2.56
2.08
2.42
2.14
2.22
2.44
2.34
2.54
2.3
2.28
2.64
2.1
2.54
1.88
1.76
2.62
1.92
2.36
2.32
2.08
2.42
2.28
2.24
2.02
1.98
2.3
2.44
2.5
2.4
2.04
2.14
2.18
2.46
2.26
2.2
2.48
2.16
1.96
2.36
2.44
2.1
2.56
2.48
2.04
2.46
2.06
2.24
2.08
2.0
1.82
2.12
2.14
2.36
1.98
2.12
2.16
2.2
2.08
1.94
2.38
2.32
2.04
1.82
2.14
2.28
1.86
2.1
2.56
1.9
2.02
2.08
2.32
1.92
2.3
2.3
1.94
2.08
2.34
2.44
2.14
2.54
2.28
2.2
2.56
2.4
2.32
2.02
2.06
2.22
2.12
2.52
1.92
2.26
2.02
2.08
2.1
1.94
2.24
2.24
2.38
2.2
1.98
2.22
2.14
2.14
2.04
2.94
2.48
2.34
2.4
2.5
1.98
2.24
2.12
2.18
1.96
2.34
2.32
1.96
2.42
2.36
2.36
2.22
2.12
2.3
2.06
2.02
2.02
2.14
2.42
2.42
2.1
2.06
2.3
2.18
2.26
2.14
2.08
2.6
2.18
2.5
2.02
2.42
2.1
2.24
2.2
2.06
1.86
2.42
2.06
2.3
2.14
2.26
1.82
2.08
2.38
2.14
2.38
1.98
2.36
2.06
2.14
2.2
2.48
2.26
2.08
1.96
2.4
2.32
2.14
2.32
1.98
2.36
2.12
2.02
2.24
2.2
2.44
1.82
2.38
1.92
2.4
2.48
2.34
2.16
2.14
2.24
2.32
2.24
2.1
1.86
2.3
2.14
1.82
2.28
2.08
2.04
2.36
2.56
2.0
2.38
2.64
2.34
2.0
2.06
2.36
2.26
1.92
2.58
2.4
2.28
2.04
1.98
2.08
2.34
1.86
2.42
2.58
2.44
2.54
2.2
2.32
2.26
2.04
2.04
2.24
2.46
2.26
2.0
2.24
2.08
2.7
2.18
2.04
2.3
2.08
1.86
2.14
2.0
2.06
2.4
1.78
2.08
2.06
2.28
2.3
2.08
2.12
2.52
2.32
2.18
2.1
2.68
2.28
2.06
2.3
2.18
2.14
2.24
2.52
2.14
1.64
2.38
2.26
2.28
2.08
2.22
2.48
1.9
2.18
2.24
2.44
2.1
2.24
2.6
2.28
2.22
1.9
1.8
2.3
2.26
2.62
2.48
2.42
2.2
2.26
2.14
2.2
2.02
1.9
2.1
2.4
2.22
2.2
1.88
1.7
1.9
1.58
2.26
2.0
2.14
2.06
2.6
2.52
2.44
2.42
2.2
2.5
2.28
2.24
1.96
1.92
2.12
2.36
2.1
1.98
1.82
2.68
2.32
2.12
2.14
2.16
1.92
2.22
2.0
2.24
2.1
2.24
2.3
2.38
2.18
2.32
2.2
2.08
2.16
2.08
2.28
2.34
2.42
2.26
2.32
2.26
2.14
2.38
2.38
2.22
2.14
2.26
2.4
2.3
2.42
2.08
1.94
2.0
2.06
2.32
2.4
2.1
2.04
2.04
2.62
1.78
2.24
1.86
2.1
2.5
2.34
2.3
1.98
2.4
2.62
2.64
2.46
2.36
2.22
2.32
1.8
1.86
2.1
1.94
2.06
2.24
2.04
2.14
2.06
1.98
2.52
2.36
2.36
1.74
2.42
2.1
2.2
2.44
2.12
2.16
2.12
1.92
2.58
2.6
3.72
3.13
4.71
4.65
5.52
4.63
3.13
5.94
5.58
3.92
3.94
3.51
4.02
4.08
6.67
2.75
3.72
5.01
6.43
6.12
2.69
6.57
2.04
2.16
2.22
2.2
2.14
2.18
2.34
2.36
2.18
2.18
2.22
2.18
2.38
2.52
2.02
2.1
2.08
2.42
2.48
2.28
2.44
2.18
2.22
2.28
2.56
2.52
2.24
2.18
1.9
2.1
2.18
2.52
1.86
2.36
2.24
2.34
2.2
2.04
2.44
2.3
1.82
2.22
2.16
2.44
2.44
2.24
2.32
2.32
2.04
2.12
2.3
1.86
2.12
2.72
2.06
2.16
2.08
2.14
2.36
1.94
2.18
2.4
2.24
2.52
1.88
2.02
2.38
2.02
1.9
2.3
1.86
1.98
2.32
2.28
1.96
1.86
2.06
2.0
2.0
1.92
2.7
2.0
1.88
2.36
1.8
2.24
2.14
2.24
2.4
2.06
2.16
2.1
2.6
2.54
2.16
2.42
2.14
1.92
2.34
1.96
2.38
2.32
2.32
2.16
2.06
2.26
2.46
2.3
2.4
2.1
2.54
1.98
2.2
2.28
2.32
2.14
2.02
2.12
2.44
2.32
2.66
2.26
1.76
2.28
2.02
2.3
2.24
1.96
1.94
2.02
1.84
2.42
1.98
2.26
2.22
1.7
2.18
2.44
2.46
2.46
2.16
2.18
1.98
2.04
1.8
1.92
2.06
2.38
2.08
2.1
1.9
2.22
2.46
2.3
1.9
2.1
1.92
2.26
2.32
1.96
2.28
2.46
2.32
2.26
2.48
2.36
2.24
2.28
2.14
2.1
2.1
1.96
2.52
2.38
2.16
2.3
2.6
2.08
1.94
2.0
2.48
2.14
1.98
2.38
2.08
2.38
2.08
2.12
2.1
2.32
2.04
2.48
2.5
2.08
2.14
2.22
2.42
1.84
2.1
2.28
2.18
2.02
2.54
2.04
2.66
2.24
2.36
1.98
2.32
2.34
2.28
2.02
2.1
2.04
2.08
2.52
2.12
1.88
2.3
2.46
2.1
2.54
2.1
2.18
2.24
2.06
2.22
2.22
2.5
2.22
2.22
2.0
1.82
2.4
2.16
2.14
2.28
2.7
2.08
2.34
2.46
2.32
2.26
2.02
2.5
2.34
2.2
2.12
2.14
2.28
2.04
2.12
2.32
1.84
2.04
2.52
2.22
2.28
2.38
2.14
2.4
1.86
2.22
2.4
2.3
2.0
2.22
2.24
2.26
1.96
2.2
2.52
2.16
2.04
1.92
2.36
2.16
2.22
1.78
2.56
2.12
2.08
1.96
1.94
2.1
2.24
2.34
2.36
2.06
2.24
2.04
2.14
1.96
2.74
2.22
2.18
2.26
2.24
2.22
1.86
2.34
2.24
2.14
2.28
1.84
2.16
2.16
2.2
2.1
2.08
1.88
2.14
2.04
2.22
2.12
2.32
2.04
2.14
2.14
2.36
2.18
2.16
2.72
1.82
2.0
2.28
2.16
2.58
2.08
2.0
2.46
2.3
2.42
2.22
1.96
2.46
2.3
2.2
2.22
2.38
1.84
2.34
2.42
1.74
2.1
1.92
2.7
2.3
2.22
2.64
2.24
1.76
1.86
2.12
2.02
1.96
2.28
2.26
2.06
2.04
2.22
2.06
2.62
2.5
2.04
2.48
2.12
1.88
1.66
2.16
1.92
2.02
2.08
2.28
2.12
2.3
2.16
2.12
2.06
2.2
2.22
2.18
2.3
1.98
2.2
2.62
2.32
2.06
2.02
2.3
2.24
2.58
2.62
2.52
1.92
2.1
2.32
2.04
2.28
1.92
2.34
2.04
1.76
2.3
2.16
2.34
2.42
2.14
2.46
2.36
1.96
2.5
2.24
2.42
2.18
2.34
2.28
2.12
2.44
2.2
2.02
2.24
2.16
1.86
1.86
2.04
2.44
2.12
2.08
1.92
2.28
2.34
1.78
2.2
2.5
2.48
2.36
2.24
2.34
2.36
1.92
2.5
1.88
1.9
1.94
2.7
2.16
2.02
2.04
2.24
2.58
2.1
2.2
2.06
2.14
2.04
2.44
2.06
2.22
2.5
2.48
2.04
2.36
2.16
2.38
2.1
2.06
1.92
2.12
2.04
2.3
2.12
2.3
2.7
2.02
2.28
2.26
2.3
1.94
2.32
2.0
2.34
1.98
2.36
2.44
2.26
2.1
2.14
2.32
2.2
1.9
2.02
1.92
1.98
2.36
2.18
2.14
1.88
2.04
2.52
1.92
2.06
2.12
2.7
2.2
2.32
1.94
2.62
2.22
1.94
2.16
2.3
2.22
2.32
1.82
2.16
2.5
2.3
2.02
2.18
2.0
1.92
2.14
2.22
2.18
2.22
2.38
2.02
2.28
2.14
2.12
2.34
2.1
2.26
2.1
2.1
2.1
2.32
2.36
2.08
2.34
2.08
2.3
2.08
2.02
2.08
2.34
1.98
2.22
2.16
2.1
2.68
2.24
2.28
2.26
1.98
1.98
2.06
2.44
2.14
1.86
2.22
1.66
2.26
2.68
1.86
2.08
2.08
2.18
1.92
2.16
1.98
2.1
2.46
2.04
2.12
2.36
2.28
1.86
2.04
2.12
2.24
2.32
1.82
2.18
2.06
2.2
2.1
2.16
2.16
1.96
2.54
2.4
2.48
2.08
2.04
2.38
2.54
2.28
1.94
2.22
2.28
2.42
2.06
2.58
2.06
2.16
2.14
2.26
2.12
2.3
1.86
2.18
1.82
2.44
2.06
2.42
2.16
1.96
1.88
2.34
2.08
1.98
2.22
2.24
2.2
2.0
2.04
2.18
2.2
2.1
1.98
2.04
2.2
2.16
1.98
1.86
2.26
1.66
2.06
2.7
2.16
1.9
2.1
2.36
2.06
2.26
1.86
2.5
2.48
2.1
2.24
2.04
1.94
1.94
2.06
2.16
2.14
2.12
2.34
2.14
2.38
1.84
2.6
1.92
2.14
2.1
1.76
2.58
2.1
2.06
2.42
2.6
2.36
2.12
2.06
2.08
2.22
1.94
2.1
1.94
2.32
2.3
2.02
1.82
1.98
2.02
2.2
2.38
2.32
2.22
2.24
2.2
2.36
2.16
1.96
2.56
2.44
2.02
2.34
2.1
2.06
1.9
2.18
2.26
2.64
2.22
2.3
1.74
2.52
2.64
2.16
2.14
2.1
2.4
2.28
2.22
1.76
2.32
2.28
2.04
2.3
2.26
2.08
2.02
2.14
2.08
1.96
1.98
1.86
2.24
1.94
2.16
2.24
1.9
2.28
2.28
2.44
2.58
2.0
1.98
2.38
2.22
1.9
2.08
2.18
2.34
2.04
1.98
1.78
2.32
2.36
2.18
2.54
1.84
2.04
2.06
2.08
2.12
2.42
2.1
2.02
2.24
2.26
1.98
2.68
2.32
2.04
1.98
1.9
2.42
1.86
2.14
1.96
2.24
2.0
2.02
2.1
2.28
1.86
2.18
2.52
2.02
2.06
1.9
1.76
2.04
1.8
1.92
2.2
1.84
2.1
1.84
2.5
2.34
2.08
2.1
2.12
2.02
2.32
2.26
2.64
2.32
2.0
2.02
1.7
2.34
1.94
1.96
2.08
1.96
1.88
2.22
2.02
2.18
1.98
2.52
2.1
2.14
2.12
2.42
2.34
2.28
2.58
2.36
1.9
2.12
1.96
1.94
2.3
2.1
2.06
2.46
2.16
2.36
2.22
2.22
2.34
1.92
2.24
2.22
2.44
1.76
1.96
2.02
1.86
1.8
2.22
2.28
2.5
2.3
2.28
2.14
1.98
2.06
2.3
2.0
2.3
2.24
2.6
1.82
1.9
2.6
2.1
2.14
1.92
2.26
2.02
1.94
1.86
2.3
2.46
2.4
2.32
2.24
2.22
2.2
2.44
2.0
2.14
2.02
2.44
2.06
2.18
2.22
2.02
2.36
1.94
2.14
2.34
2.62
1.96
2.26
2.1
2.56
2.26
2.2
2.08
2.32
2.2
2.58
2.48
2.26
2.42
2.32
1.82
2.12
2.18
1.88
2.44
2.16
2.16
1.84
2.08
2.3
2.28
1.9
2.16
2.18
1.78
2.34
2.24
2.32
2.46
2.24
1.9
2.16
2.4
2.16
2.26
2.3
2.34
2.5
2.0
2.28
2.24
2.08
2.18
2.2
2.06
2.5
2.4
2.1
2.52
2.12
2.16
2.38
2.18
2.04
2.32
2.14
1.86
2.2
2.14
2.36
2.02
2.46
2.38
2.2
2.22
2.1
2.26
2.28
1.86
2.24
2.18
2.16
1.98
2.4
2.06
1.98
1.92
1.96
2.4
2.08
2.14
1.78
2.02
2.14
2.22
2.2
2.3
2.08
2.34
2.52
2.04
2.16
2.46
2.0
2.18
2.42
1.84
2.06
1.98
2.66
2.4
1.84
2.02
1.98
2.3
2.66
2.66
2.12
2.34
2.4
2.34
2.42
2.04
2.24
2.16
2.3
2.34
2.2
2.42
2.18
2.94
2.24
2.24
2.32
2.2
1.84
2.12
1.82
2.08
2.14
2.14
2.22
1.94
2.3
2.24
2.22
2.26
2.4
2.32
2.08
2.18
2.34
1.98
1.78
2.3
2.26
2.26
2.32
2.36
2.12
2.16
2.38
2.18
2.34
2.08
2.06
2.4
2.32
2.44
2.08
2.28
2.18
2.46
2.14
1.98
2.14
2.02
2.36
2.18
2.22
2.6
2.1
1.88
2.26
2.16
2.52
2.26
2.14
2.46
2.18
2.2
2.18
2.4
2.28
2.34
1.9
2.28
2.3
2.38
2.02
2.26
1.98
1.7
2.32
2.1
2.14
2.56
2.26
1.92
2.32
2.18
2.04
2.3
2.22
2.04
1.72
2.3
2.08
2.14
2.26
2.5
2.12
2.36
2.08
2.1
2.02
2.12
2.32
2.22
2.1
2.04
2.12
2.26
2.1
2.34
2.16
1.84
2.06
1.8
2.38
2.14
2.12
1.92
2.06
1.78
2.2
2.32
2.1
1.86
1.98
1.92
2.1
1.92
2.28
2.2
2.14
2.2
2.3
2.38
1.96
2.32
2.12
2.24
2.08
1.62
2.18
1.96
2.08
2.32
2.14
2.5
2.24
2.12
2.24
2.06
1.92
2.2
2.58
2.2
2.12
2.2
2.2
2.1
2.36
2.26
2.34
2.3
1.86
2.06
2.12
1.94
2.24
2.2
2.08
2.32
2.28
2.22
2.22
2.16
2.14
2.12
2.16
2.46
2.22
2.06
2.34
2.22
2.08
2.18
2.34
2.0
2.2
1.94
2.22
2.06
2.24
2.24
1.92
2.0
2.12
2.16
2.28
2.3
2.26
2.06
2.62
2.2
1.88
2.16
2.18
2.1
2.28
2.68
1.84
2.38
2.22
2.1
2.36
2.18
2.06
1.68
2.12
2.22
2.14
2.18
2.56
2.34
2.28
2.18
2.24
2.46
2.18
1.92
2.32
1.82
1.72
1.76
2.66
2.3
2.34
2.02
2.24
2.54
2.18
2.3
2.32
2.42
2.16
1.86
2.28
2.64
2.2
2.16
2.26
2.24
1.88
1.8
2.32
2.02
2.4
2.72
2.34
2.06
2.58
2.28
2.56
2.3
2.32
2.3
2.4
1.88
2.34
2.14
2.24
2.44
2.0
2.28
2.32
2.44
1.82
2.3
1.96
1.9
2.16
2.24
1.98
2.16
2.12
2.2
2.32
2.32
2.38
2.16
2.1
1.84
2.54
2.48
2.08
2.38
2.24
1.88
2.06
2.24
2.22
2.1
2.1
2.24
2.04
2.18
2.28
2.16
2.26
2.26
2.3
2.4
2.02
1.98
2.26
2.46
2.4
2.04
2.04
2.4
2.04
2.1
2.12
2.12
1.86
2.02
2.08
2.36
2.28
2.2
1.98
2.2
2.32
1.94
2.38
1.84
2.14
2.4
2.08
2.02
1.96
1.96
2.0
2.42
1.98
2.12
2.2
1.84
