84.31
91.6
91.13
81.44
79.04
68.48
83.19
86.35
55.1
24.79
44.41
31.29
29.18
18.7
28.09
7.24
8.0
6.94
5.18
4.3
5.66
5.36
3.86
3.2
3.82
3.66
3.1
4.1
4.5
3.8
3.0
2.64
2.98
2.88
2.78
2.96
2.42
3.04
2.84
2.82
2.74
2.78
2.58
2.96
2.92
2.56
2.58
2.72
3.34
2.82
2.52
2.44
2.88
2.24
2.46
2.02
1.5
1.92
1.88
2.38
2.68
2.04
2.02
1.78
2.48
2.68
2.84
1.82
1.58
2.0
2.04
2.22
1.84
1.86
2.0
1.7
1.7
2.5
2.62
2.4
2.46
2.4
2.4
1.9
2.2
2.42
1.68
2.04
1.78
1.8
1.98
2.02
1.48
1.74
1.46
2.1
1.38
2.02
2.04
2.24
1.96
2.6
3.47
3.84
2.34
2.5
2.26
6.11
30.95
12.12
4.02
3.16
2.6
2.5
2.62
2.26
2.76
2.36
2.86
2.62
2.58
2.54
3.38
2.76
2.62
2.62
2.48
2.62
2.34
2.46
2.8
2.16
2.24
2.46
2.62
2.5
2.32
2.92
2.8
2.54
2.72
2.52
2.84
2.78
1.58
1.12
1.22
1.32
0.88
2.8
2.18
1.26
1.12
1.48
0.96
1.04
1.18
1.04
1.12
1.42
1.04
1.58
1.66
1.52
1.86
1.46
1.5
1.36
1.46
1.38
0.9
1.14
1.3
1.32
1.36
1.88
1.72
1.62
1.46
1.28
1.08
1.02
2.06
1.32
1.08
1.72
1.5
1.8
1.56
1.46
1.76
2.44
4.82
1.1
1.22
1.52
1.3
1.32
1.2
1.1
1.1
1.4
3.96
2.5
2.76
3.0
2.36
2.24
3.3
2.3
17.98
5.47
3.92
1.12
1.24
1.34
0.98
1.0
1.46
0.92
0.94
2.29
0.78
0.6
1.32
1.64
0.86
1.04
1.0
0.88
2.28
1.76
2.68
1.64
1.52
2.04
1.86
1.48
1.26
0.74
1.08
0.66
0.66
0.84
0.7
1.24
1.66
0.78
1.34
2.42
1.16
1.16
1.16
3.31
1.66
0.92
0.76
1.28
0.86
0.98
1.02
1.1
0.88
1.16
0.94
0.82
1.14
0.7
0.84
0.92
1.04
0.74
1.14
0.9
0.96
0.86
0.72
0.8
0.92
2.98
0.94
0.72
0.94
1.42
1.12
1.22
1.28
1.2
1.0
1.16
0.84
0.98
0.74
1.02
0.92
0.88
0.78
0.88
1.0
0.98
0.98
1.08
0.8
1.08
0.94
0.66
1.28
1.26
0.7
0.52
0.72
1.56
1.44
1.48
0.94
0.88
1.22
0.88
1.06
1.22
0.68
0.82
1.0
1.02
0.62
0.96
1.14
0.84
0.84
1.88
1.24
0.98
0.9
1.18
0.74
1.04
0.74
1.0
0.8
0.8
1.24
0.94
0.94
0.96
0.78
0.74
3.0
4.24
0.8
1.1
0.78
0.86
0.78
0.64
0.78
0.66
1.32
1.4
1.5
0.94
0.74
0.9
0.92
0.5
0.88
1.04
0.64
0.76
0.66
0.4
0.88
0.54
0.62
0.72
0.46
1.76
1.96
3.22
2.98
2.1
2.06
0.68
0.52
0.58
0.7
0.62
0.68
0.62
0.44
0.68
0.7
0.52
0.52
0.6
0.52
0.4
0.52
0.46
0.78
0.74
0.8
0.74
0.9
0.36
0.9
0.54
0.78
0.4
0.54
0.74
0.52
0.72
0.86
0.68
0.84
0.76
0.68
0.44
1.24
0.88
0.88
0.86
0.82
1.04
0.88
1.1
0.78
1.06
0.76
0.96
0.7
0.98
0.66
1.04
0.64
0.54
0.94
0.42
0.58
0.88
0.52
0.96
0.62
1.06
0.54
0.54
0.82
0.9
0.74
0.72
0.78
0.5
0.72
0.76
0.96
0.6
1.1
0.68
1.12
0.7
0.62
0.96
0.64
0.6
1.16
0.7
1.6
1.02
0.62
0.44
0.62
0.56
0.6
0.64
0.62
0.54
0.62
0.92
0.52
0.58
0.6
0.78
0.56
0.42
0.62
0.66
0.62
0.58
0.88
0.44
0.52
0.52
0.66
0.7
0.66
0.66
0.48
0.6
0.64
0.46
0.78
0.72
0.78
0.62
0.62
0.7
0.48
0.56
0.56
0.62
0.62
0.46
0.76
0.56
2.38
1.08
1.12
1.04
1.04
0.74
0.74
1.02
1.02
0.76
0.48
0.66
0.68
0.76
0.7
0.46
0.82
0.66
0.64
0.82
0.56
0.52
0.72
0.42
0.98
0.78
1.28
1.22
0.76
0.78
0.6
0.72
0.4
0.72
0.52
0.38
0.58
0.8
0.42
0.46
1.06
0.64
0.62
0.46
0.5
0.82
0.48
0.62
0.48
0.38
0.92
0.78
0.86
0.78
0.46
0.56
0.5
0.68
0.38
0.68
0.72
0.62
0.7
0.66
0.96
0.52
0.88
0.7
0.5
0.8
0.74
0.46
0.58
0.74
0.74
0.62
0.94
1.04
0.46
0.4
0.8
0.72
0.68
0.76
0.62
0.56
0.52
0.52
0.64
0.6
0.78
0.8
0.92
0.52
0.54
0.62
0.64
1.4
0.7
0.64
0.56
0.66
0.54
0.5
1.1
0.96
1.38
0.84
0.82
0.96
0.66
0.82
0.62
0.8
0.66
0.94
0.6
0.98
0.54
0.68
0.84
0.92
2.86
1.02
0.86
1.04
0.9
0.88
0.8
0.82
0.92
0.5
0.58
0.86
1.88
1.46
1.12
1.54
1.0
0.86
0.82
1.48
0.92
0.96
0.84
1.1
1.16
1.34
0.74
0.96
1.06
1.04
0.92
0.94
1.02
1.2
1.02
1.06
0.78
0.9
1.02
1.1
1.02
1.08
0.76
0.88
1.14
1.16
1.16
1.16
0.72
0.68
0.92
1.02
1.06
0.86
0.68
0.82
1.06
1.14
1.18
1.1
0.7
0.98
1.44
1.02
1.1
0.84
0.66
0.74
0.5
0.52
0.78
0.88
0.6
0.46
0.74
0.44
0.4
0.32
0.58
0.62
0.26
0.42
0.36
0.46
0.64
0.66
0.6
0.68
0.56
0.6
0.48
0.32
0.5
0.62
0.38
0.46
0.94
0.6
0.42
0.64
0.46
0.46
0.52
0.48
0.4
0.76
0.5
0.6
0.52
0.66
0.56
0.74
0.3
0.72
0.32
0.46
0.54
0.76
0.64
0.7
2.36
1.04
1.94
0.8
0.84
0.96
0.82
0.76
0.88
0.64
1.02
1.42
0.66
1.58
0.78
0.92
0.76
0.76
0.84
0.76
0.78
1.26
1.1
1.08
0.96
0.88
1.0
0.78
0.6
0.64
0.74
0.78
0.64
0.42
0.64
0.72
0.6
0.64
0.66
0.58
0.56
0.38
0.46
0.6
0.6
0.48
0.52
0.5
0.44
0.48
0.82
0.52
0.4
0.48
0.56
0.62
0.66
0.98
0.64
0.54
0.8
0.64
0.48
0.66
0.7
0.46
0.52
0.68
0.62
0.4
0.42
0.62
0.64
0.56
0.52
0.34
0.48
0.78
0.76
0.52
0.86
0.54
0.62
0.58
0.44
0.48
0.6
0.52
0.8
0.52
0.58
1.38
0.4
0.4
0.7
0.76
0.6
0.42
0.38
0.68
0.4
0.48
0.7
0.58
0.46
0.54
0.58
0.5
0.44
0.78
0.58
0.36
0.66
0.44
0.42
0.58
0.48
0.22
0.78
0.5
0.3
0.46
0.6
0.3
0.34
0.7
0.34
0.56
0.36
0.4
0.58
0.46
0.44
0.46
0.52
0.42
0.5
0.3
0.46
0.32
0.4
0.64
0.4
1.02
0.56
1.02
0.52
0.5
0.3
0.44
0.42
0.46
0.48
0.36
0.38
0.58
0.34
0.52
0.48
0.38
0.28
0.44
0.24
0.38
0.38
0.46
0.32
0.2
0.56
0.56
0.4
0.34
0.4
0.34
0.36
0.48
0.3
0.34
0.38
0.36
0.26
0.42
0.44
0.64
0.48
0.32
0.4
0.36
0.44
0.98
0.58
0.6
0.42
0.44
0.64
0.38
0.4
0.5
0.62
0.52
0.46
0.44
0.5
0.54
0.62
0.48
0.4
0.58
0.52
0.66
0.24
0.5
0.48
0.56
0.5
0.4
1.62
0.7
0.68
0.88
0.8
0.62
0.64
0.86
0.8
0.74
0.54
0.66
0.7
0.74
0.8
0.64
0.5
0.6
0.78
0.62
0.6
0.68
0.7
0.72
0.7
0.76
0.94
0.5
0.64
0.52
0.56
0.8
0.56
0.76
0.56
4.02
0.96
1.6
0.76
0.58
0.68
0.4
0.26
0.54
0.36
0.46
0.42
0.52
0.54
0.52
0.54
0.28
0.46
0.44
0.46
0.84
0.48
0.7
2.22
1.24
0.64
0.58
1.24
1.94
2.12
2.2
2.04
1.22
0.52
0.46
0.28
0.54
0.54
0.4
0.7
0.4
0.96
0.62
0.36
0.28
0.32
0.16
1.3
1.06
1.84
0.98
0.42
0.36
1.6
1.38
1.65
0.58
1.64
0.66
0.96
0.8
0.82
0.36
1.24
0.34
0.26
0.4
0.56
0.4
0.36
0.44
0.44
0.9
0.42
0.9
2.41
1.46
1.1
1.04
1.14
1.64
1.0
1.3
0.98
1.16
1.64
2.12
1.96
1.4
0.88
0.62
0.98
1.08
0.86
0.82
0.96
0.94
0.92
0.88
1.62
0.78
0.76
1.06
0.8
0.88
22.04
8.13
4.28
8.81
11.84
4.3
4.68
4.46
3.7
3.48
5.18
8.28
4.06
3.96
3.18
3.14
3.92
3.24
3.42
3.56
3.76
3.46
3.3
2.66
2.88
2.76
2.64
3.1
3.64
3.64
3.56
2.9
1.22
1.12
1.2
1.08
0.82
1.0
1.2
0.92
1.14
1.06
1.02
0.86
0.9
0.98
1.48
1.12
1.0
1.08
1.2
1.08
1.0
1.14
1.12
1.12
1.12
0.94
1.02
0.98
1.14
0.86
1.16
1.16
0.96
1.24
1.02
1.0
0.92
1.12
0.86
1.14
1.08
1.42
1.18
1.52
1.12
1.14
0.94
0.68
1.22
1.4
0.96
0.88
0.92
1.74
0.98
1.3
0.92
0.78
0.72
0.62
0.92
0.6
0.68
0.62
0.82
0.46
0.98
0.78
0.76
0.58
1.06
1.0
0.82
0.68
0.6
1.02
0.5
1.5
0.72
0.78
0.78
0.88
0.58
0.48
0.62
0.44
0.56
1.04
0.6
0.72
0.54
0.56
0.6
1.08
0.52
0.96
0.48
0.56
10.96
2.25
0.66
4.41
3.07
1.68
1.22
1.2
1.08
2.44
1.1
1.32
4.89
1.46
1.16
1.36
1.16
1.26
1.4
1.1
0.98
6.05
1.34
0.9
2.26
0.76
0.86
5.61
1.14
1.0
0.76
1.16
0.96
1.12
0.98
0.94
1.32
1.0
0.8
0.8
1.02
1.06
1.5
0.68
0.86
0.74
0.56
1.1
0.94
2.03
1.16
1.16
0.6
0.66
1.18
0.52
0.82
0.82
0.78
0.7
0.92
0.68
0.72
0.82
0.8
0.64
0.74
0.62
0.7
0.84
0.98
0.56
0.64
0.82
0.6
0.48
0.84
0.62
0.54
0.56
0.66
0.48
0.6
0.54
0.62
0.48
0.64
0.56
0.48
0.68
5.28
1.18
1.1
0.92
0.84
0.8
1.22
0.92
0.96
1.68
0.92
0.88
1.02
0.86
0.94
1.0
1.08
0.84
0.96
0.76
1.94
0.76
1.02
0.56
0.5
0.52
0.6
1.66
0.68
0.68
0.64
0.54
0.94
1.26
1.26
0.94
0.66
1.69
1.1
0.96
1.82
1.4
0.94
0.62
2.07
0.8
1.73
5.38
0.64
0.74
0.6
2.66
0.56
1.8
0.7
0.84
1.63
0.84
0.82
0.76
0.74
0.68
0.86
0.62
0.9
2.35
1.08
0.88
1.58
1.0
0.8
0.84
0.8
0.76
0.88
0.92
0.82
1.12
0.62
1.08
0.9
0.86
0.92
0.58
1.1
1.02
0.86
0.66
1.04
0.74
1.28
0.72
0.58
0.86
1.06
0.6
1.28
1.82
4.33
1.36
0.8
1.14
0.84
1.44
3.22
3.05
1.62
1.1
2.78
0.72
0.98
1.66
0.84
1.22
1.1
0.9
0.92
0.64
0.72
0.92
1.73
1.32
1.26
1.08
0.78
0.82
0.98
0.64
0.76
0.68
1.47
0.88
0.72
0.82
0.8
0.6
1.08
0.9
0.56
0.58
0.88
0.94
0.86
8.33
31.01
41.04
10.73
1.66
1.6
2.3
1.52
2.88
1.6
1.32
1.18
1.28
1.12
1.78
1.42
1.26
1.66
1.28
1.4
1.16
1.28
3.1
1.5
1.1
2.08
1.22
1.42
0.94
1.12
1.16
1.87
1.38
1.3
1.28
1.44
0.88
0.9
0.96
19.89
2.08
1.32
2.58
1.18
1.14
1.06
1.76
1.56
0.9
0.9
1.1
1.18
1.62
0.94
1.0
1.18
2.26
0.92
0.82
1.16
1.99
0.8
1.02
0.96
1.52
1.06
2.02
0.98
1.2
1.2
2.28
0.86
0.84
1.04
1.12
1.65
1.64
0.8
2.18
1.58
0.94
1.3
2.21
0.7
0.72
0.58
2.1
0.7
0.62
1.32
0.62
0.58
1.4
0.66
1.78
0.7
0.76
2.59
1.24
1.78
0.76
0.68
0.64
1.69
1.67
0.58
0.68
1.35
0.62
0.58
0.48
1.48
0.58
0.74
0.56
1.6
0.58
1.57
0.82
3.74
1.71
1.42
1.67
0.46
0.6
0.52
0.56
1.66
0.52
0.66
0.46
1.62
1.56
1.4
1.58
1.14
1.76
0.5
0.66
0.56
0.58
1.51
0.7
3.56
0.98
1.63
0.68
0.68
1.46
0.72
2.32
2.37
3.5
1.3
1.72
0.62
0.92
0.74
2.99
1.32
1.56
1.38
1.1
2.63
1.28
1.16
1.86
0.68
1.65
0.9
0.72
0.58
0.68
0.56
0.84
1.06
0.58
0.84
0.68
1.87
0.86
1.94
0.62
0.82
0.66
0.6
0.64
0.6
0.86
1.08
0.52
0.92
0.58
0.74
0.62
0.6
0.56
0.7
0.74
1.22
0.48
1.69
0.5
0.82
0.44
1.52
0.66
1.0
0.78
0.74
0.58
0.56
1.46
0.96
0.48
0.6
1.61
0.62
0.72
0.64
0.5
0.7
0.68
1.06
0.48
0.36
0.8
0.5
0.54
2.26
0.86
0.5
0.46
1.63
0.84
0.5
1.78
2.15
0.64
0.62
0.32
0.62
0.46
3.95
0.64
0.64
0.64
1.78
0.68
0.64
1.12
0.74
0.8
1.4
0.74
1.02
0.62
0.64
0.54
0.44
0.58
0.76
0.58
0.6
0.38
0.44
0.6
3.72
0.56
0.6
0.46
1.67
0.38
0.72
0.7
0.66
0.7
0.6
0.6
2.01
0.34
0.78
0.46
0.54
0.36
0.44
0.54
0.42
0.2
0.44
0.3
0.32
0.58
0.4
0.34
0.54
0.28
0.4
0.28
0.28
0.34
0.58
0.46
0.48
0.38
0.42
1.38
0.46
0.76
0.86
0.42
0.44
0.32
1.48
0.62
0.46
0.4
0.5
0.42
1.41
0.3
0.28
0.42
1.38
0.3
0.36
0.36
0.5
0.52
0.38
0.24
0.76
0.36
0.34
0.36
1.33
0.46
0.62
0.32
0.5
0.4
0.52
0.58
0.52
0.74
0.46
0.52
1.39
0.54
0.88
0.3
0.72
0.38
2.54
0.56
1.4
2.33
1.86
0.78
0.6
0.34
1.59
0.72
0.6
0.42
0.56
0.4
0.54
2.25
0.7
0.4
0.36
0.42
0.32
0.3
0.18
0.38
1.73
0.38
1.1
0.34
0.28
0.28
0.3
0.5
0.2
0.36
1.24
1.82
0.3
0.36
0.58
0.64
0.34
1.99
0.58
0.44
1.89
0.68
1.45
0.96
0.32
0.54
1.58
0.68
1.73
0.96
0.28
0.34
1.61
0.38
0.48
0.32
0.7
0.28
0.32
0.34
0.54
0.3
0.46
0.28
0.46
0.46
0.72
0.36
0.4
0.44
0.26
0.46
0.62
0.44
0.62
0.84
0.52
0.44
0.5
1.68
0.44
0.24
0.56
0.56
0.4
0.38
0.6
0.4
0.5
0.6
0.38
0.54
0.54
0.48
0.44
0.48
0.5
0.6
0.54
0.6
0.52
0.52
0.7
0.7
0.78
0.8
0.52
0.46
0.48
0.5
0.6
0.34
0.48
0.58
0.44
0.4
0.44
0.4
0.56
0.48
0.36
0.54
0.52
0.5
0.3
0.38
0.34
0.68
0.68
0.74
0.4
0.64
0.5
0.56
0.24
0.46
0.52
0.46
0.36
0.68
0.46
0.38
0.48
0.38
0.26
0.86
0.34
0.52
0.46
0.44
0.58
0.38
0.18
0.18
0.4
0.36
0.32
0.38
0.36
0.4
0.32
0.48
0.36
0.34
0.64
0.38
0.3
0.3
