73.22
83.83
89.35
81.96
80.87
82.06
79.27
70.14
71.71
77.32
78.33
72.86
72.84
77.54
70.89
74.62
79.13
81.45
73.7
70.29
73.32
71.2
83.04
80.22
65.77
50.71
71.39
81.42
84.43
76.22
74.64
73.46
81.63
80.2
74.95
84.05
79.32
82.2
72.81
77.01
73.88
69.65
72.76
68.9
75.48
78.79
72.49
73.06
73.08
69.83
78.63
85.85
76.59
80.56
83.32
77.45
79.57
78.53
74.57
78.51
75.99
77.87
64.37
72.57
66.36
75.63
78.39
73.09
76.14
78.16
70.57
74.31
77.9
72.42
73.06
76.32
77.63
76.07
75.29
70.03
71.91
78.32
71.48
73.57
75.24
75.18
72.5
70.69
80.48
78.78
73.26
77.48
75.96
74.13
80.97
78.56
71.46
82.12
80.27
77.78
84.06
76.97
79.48
76.05
78.77
74.17
70.98
76.72
81.36
77.17
78.6
79.32
74.34
80.49
83.44
69.5
79.58
76.79
75.24
81.34
74.12
77.3
71.51
74.64
80.01
71.86
74.83
73.27
76.78
73.74
69.47
67.41
67.98
70.32
68.06
78.75
46.1
48.53
47.3
45.98
42.25
69.01
65.73
61.69
58.65
63.49
68.07
55.33
55.3
64.41
69.87
62.61
57.91
63.5
63.47
49.69
59.72
60.78
62.62
67.93
70.78
65.34
67.25
66.38
62.49
49.73
71.87
69.02
57.9
58.8
67.09
70.79
65.3
58.92
60.75
66.92
67.86
58.79
60.06
61.65
61.47
62.69
62.72
61.72
60.91
56.01
62.44
70.08
66.12
68.23
57.06
59.9
57.86
70.7
63.27
67.0
57.93
61.48
59.96
58.74
67.95
68.15
61.67
60.67
68.0
63.42
55.45
63.45
59.81
69.85
66.09
51.69
60.01
58.75
64.53
59.13
67.29
62.54
57.11
65.32
60.84
55.25
61.61
57.09
65.34
64.44
60.81
62.58
64.43
62.68
68.18
68.04
62.72
63.46
58.03
64.61
68.17
67.26
65.15
56.93
64.42
62.76
61.55
60.91
58.0
56.1
63.46
61.74
62.67
64.41
63.67
56.91
59.16
63.37
61.43
58.08
64.59
62.62
56.19
59.87
64.45
68.16
67.97
62.67
65.23
62.39
62.38
66.3
65.19
69.89
66.43
65.14
67.19
67.49
57.13
66.34
60.68
61.61
56.23
61.6
68.09
64.44
60.74
58.98
66.33
62.55
59.86
55.25
61.39
60.81
58.94
66.08
57.97
61.53
68.74
64.28
57.05
65.42
67.19
63.54
67.06
57.09
60.83
61.6
65.42
61.66
64.48
61.54
63.58
65.52
57.93
64.44
71.8
74.53
70.15
63.48
60.77
62.61
56.12
62.5
60.51
61.96
63.6
57.99
60.82
61.66
62.54
58.14
57.18
55.28
59.82
58.68
68.92
62.52
60.59
62.6
54.53
58.95
52.63
63.61
69.81
58.03
57.15
51.46
59.93
58.05
64.49
62.6
71.64
69.02
56.36
64.53
58.97
63.47
58.86
60.8
63.48
64.63
56.12
63.6
67.13
59.1
58.94
58.2
64.46
61.67
53.5
65.47
62.69
62.51
61.84
60.66
61.69
65.41
56.43
58.84
59.99
59.89
67.28
63.55
68.11
65.48
58.8
54.23
62.65
67.94
60.64
68.94
65.4
57.12
66.12
61.73
56.21
56.9
65.37
56.25
64.38
59.89
67.08
63.35
61.77
56.06
71.6
61.72
65.37
64.6
61.68
65.47
62.74
61.06
63.51
62.79
55.07
58.04
60.01
66.19
65.35
65.19
56.02
58.3
67.0
57.1
59.77
56.11
60.03
68.06
65.2
61.69
55.56
58.81
65.55
60.75
60.8
60.81
61.8
59.71
61.73
60.7
69.97
60.8
58.99
59.11
60.02
55.32
69.99
65.53
57.95
61.75
60.9
68.85
64.53
56.19
56.38
66.43
66.44
62.73
68.98
63.49
58.24
65.31
59.84
68.92
58.8
59.76
62.62
61.85
58.82
62.85
60.63
54.49
55.39
59.79
59.27
61.94
59.04
62.7
63.64
67.99
62.64
57.25
70.88
66.19
67.27
52.55
72.65
68.88
60.75
54.33
67.14
62.8
57.11
62.49
69.9
59.01
61.63
60.76
67.35
67.22
64.35
55.14
66.19
65.25
63.57
67.19
61.78
61.63
54.39
59.83
69.93
60.8
63.48
59.23
63.45
66.32
65.4
62.53
62.81
59.88
70.0
63.52
65.38
62.62
63.42
64.52
63.74
61.63
56.97
60.8
60.77
60.86
68.94
60.91
62.81
52.86
57.99
63.4
63.57
60.85
61.74
64.67
61.91
63.5
59.73
57.26
57.92
62.65
59.09
62.64
63.74
64.63
69.03
68.85
62.28
59.79
63.49
66.34
50.73
61.48
66.2
61.59
64.35
62.64
53.51
67.03
63.51
57.95
62.83
63.39
62.6
61.57
61.75
58.82
63.45
56.17
66.11
64.51
68.65
52.39
56.33
65.31
57.94
69.85
65.23
68.0
59.01
64.37
65.24
65.19
65.4
65.42
60.92
55.24
55.31
60.54
56.97
62.54
61.81
59.93
67.25
59.01
59.89
59.0
62.65
70.07
70.11
60.71
62.56
56.94
58.02
57.99
60.93
63.42
60.07
57.06
54.46
64.25
62.71
58.95
65.3
65.44
51.66
68.93
62.9
65.43
56.09
65.38
65.22
64.34
55.4
64.48
63.58
67.28
65.46
63.48
69.92
52.37
57.05
58.92
67.1
63.54
67.01
69.8
56.16
61.68
58.91
60.71
60.01
65.42
66.32
58.32
62.67
71.82
59.78
59.73
65.41
63.59
64.48
55.44
58.11
60.9
63.61
60.65
64.51
61.49
57.1
62.81
68.09
67.31
58.95
63.44
60.73
58.69
64.57
61.79
63.37
59.99
61.74
44.25
65.23
64.4
69.1
54.67
62.59
65.49
61.89
69.66
59.97
59.78
62.76
68.03
65.56
69.88
68.0
54.26
64.45
60.79
63.53
57.07
62.59
61.66
61.83
63.31
55.3
67.94
60.78
69.77
64.47
59.9
57.87
68.95
59.81
60.71
55.16
62.06
68.83
60.71
61.68
55.32
63.32
67.07
65.46
57.02
68.86
53.43
69.7
60.81
69.16
61.55
59.89
65.38
65.23
58.89
66.18
56.13
61.77
58.82
58.05
62.65
63.48
65.41
55.32
67.05
65.44
62.53
56.34
70.73
62.62
58.13
61.72
57.03
62.38
60.91
60.83
66.26
60.93
59.79
65.32
63.57
67.29
64.36
63.5
54.11
61.71
66.93
61.66
63.74
62.67
72.71
65.5
59.69
61.56
58.0
62.54
71.61
65.27
65.54
65.39
56.22
60.03
61.65
55.41
66.33
63.65
57.16
72.52
59.93
58.04
67.18
64.33
68.14
61.79
60.75
62.49
62.61
62.7
64.49
63.45
65.63
60.73
55.26
68.97
63.57
58.81
65.15
65.22
60.75
57.97
72.57
70.98
61.71
59.93
63.6
66.49
69.04
65.49
61.55
61.92
59.84
59.81
68.89
66.14
69.19
64.41
65.23
62.85
59.9
51.74
59.82
60.67
55.1
57.94
66.11
60.54
64.21
66.49
59.9
63.65
62.51
58.91
69.03
63.39
62.53
64.58
60.96
57.0
67.09
66.01
63.43
65.43
65.2
59.84
59.72
59.85
64.49
64.48
62.59
54.42
61.63
67.04
58.18
59.27
64.61
54.56
70.62
69.82
61.72
52.78
58.02
58.93
63.32
61.85
66.09
69.05
54.42
57.15
66.23
63.57
66.32
70.95
58.91
57.89
60.62
60.78
63.62
60.84
65.53
59.83
65.37
61.16
58.99
64.51
68.89
57.98
61.64
57.96
64.69
57.07
60.84
63.41
68.76
61.58
63.8
60.91
67.12
65.37
66.37
60.84
68.18
62.57
63.54
59.03
69.02
65.43
59.81
61.73
59.81
55.16
68.1
63.5
59.81
66.17
63.56
62.49
61.79
63.58
51.78
60.66
60.76
69.03
60.87
55.27
57.16
67.36
69.78
69.99
54.16
63.77
57.97
55.27
70.73
66.14
61.64
56.37
67.25
58.11
60.71
65.29
68.96
59.02
58.02
55.42
64.34
63.54
58.94
63.49
56.24
70.88
67.25
65.21
64.16
61.56
63.32
64.44
60.04
65.32
59.12
62.62
59.04
59.67
59.84
65.06
64.58
61.56
63.66
68.23
61.55
66.44
67.21
62.7
69.96
50.82
63.32
62.74
56.07
64.45
60.16
62.67
62.54
65.34
60.71
66.37
64.37
60.81
66.17
60.68
61.8
68.18
56.2
63.76
63.65
65.21
68.06
62.61
64.4
64.16
64.38
69.99
66.3
68.1
67.53
62.56
62.58
59.17
64.2
62.62
56.24
61.75
57.97
63.53
58.25
67.18
63.64
62.73
66.42
67.29
63.67
60.05
64.38
62.36
57.93
68.21
62.59
62.6
64.25
64.49
65.37
67.1
56.26
68.24
67.28
63.76
63.64
67.35
54.13
58.14
54.4
69.03
65.69
65.31
54.47
61.59
68.08
60.79
62.72
67.15
57.08
61.7
56.26
55.2
61.9
61.63
58.0
57.98
79.11
67.24
70.89
67.17
71.8
58.13
68.11
72.57
64.26
64.48
61.74
58.94
78.3
60.06
62.47
66.24
62.65
64.4
58.27
62.77
65.24
67.1
53.56
60.78
58.91
60.83
70.05
58.98
63.49
61.78
61.77
59.91
61.64
70.06
56.97
62.59
58.12
60.88
66.36
53.43
58.87
62.47
64.33
55.35
60.89
58.87
54.48
71.66
68.97
69.11
60.81
64.69
62.6
63.53
58.91
66.31
61.99
67.27
68.94
62.6
64.5
62.65
56.21
61.55
58.09
61.63
60.72
62.57
60.74
65.17
68.2
61.62
66.38
57.25
58.0
62.63
58.95
66.24
56.87
61.76
61.74
54.48
60.73
57.98
66.46
60.81
64.37
56.21
63.41
63.56
62.56
68.98
71.7
64.5
65.26
71.88
62.61
64.61
59.09
63.55
62.5
58.03
63.77
66.38
70.8
69.8
58.89
62.71
58.83
60.77
63.45
69.14
53.44
63.39
65.36
61.81
66.26
59.05
55.49
58.98
56.27
63.35
61.7
63.53
68.13
61.74
57.14
70.94
65.45
61.56
62.64
63.44
50.74
59.94
64.37
61.77
56.22
62.75
55.4
65.04
67.29
59.79
59.09
64.24
67.21
56.21
66.1
60.73
52.58
63.51
56.93
60.72
66.55
68.16
64.45
65.32
58.9
59.82
63.74
66.27
51.78
68.81
61.58
66.21
58.14
65.57
58.83
63.38
61.8
52.5
65.18
62.53
64.67
58.78
64.46
67.36
59.83
60.69
64.38
56.11
58.89
58.92
58.31
67.0
64.6
61.59
64.47
55.38
53.37
60.82
55.42
61.71
56.27
61.67
67.12
65.46
62.7
67.17
67.08
61.73
57.17
63.64
66.35
62.49
61.72
61.65
70.79
59.94
66.3
61.77
63.53
64.43
61.68
64.38
54.27
60.63
67.92
68.96
59.06
59.9
56.17
62.54
60.8
65.4
63.47
63.53
66.1
57.94
72.64
69.03
63.43
53.52
66.24
73.92
58.77
64.52
71.88
62.57
56.1
58.11
68.79
56.11
60.83
61.55
64.6
68.34
66.34
56.94
60.98
64.27
64.58
60.78
65.41
60.07
63.4
61.81
57.03
58.91
65.39
58.89
66.5
62.42
60.58
56.37
66.22
64.37
56.13
59.7
60.71
62.75
58.04
62.87
63.54
61.67
61.59
61.71
63.47
61.61
67.08
64.38
69.03
64.39
67.22
59.07
54.39
61.83
71.85
55.24
63.6
64.47
63.67
62.57
61.56
62.74
71.15
58.84
62.44
57.04
62.82
58.83
64.33
63.47
57.12
66.16
66.24
74.38
64.54
62.97
66.37
67.27
64.44
67.27
54.39
62.58
67.05
65.24
57.98
65.37
62.56
64.41
63.37
66.29
71.6
60.8
59.72
54.25
62.58
59.11
64.31
60.83
59.92
59.74
64.35
63.72
53.47
61.73
61.73
64.66
66.38
66.35
58.05
65.16
55.92
61.69
59.76
62.69
57.21
56.26
61.86
59.0
66.12
55.24
62.36
60.62
65.45
68.2
64.44
66.3
67.11
62.93
64.5
62.59
65.37
64.25
63.55
57.1
65.2
62.48
59.81
62.85
57.84
65.11
64.48
59.04
56.25
63.56
64.55
60.84
63.66
69.01
57.06
59.05
61.7
59.74
58.74
61.64
56.92
52.29
63.48
64.32
61.01
55.3
68.08
57.16
58.93
59.14
60.73
61.46
63.43
62.85
52.46
62.72
53.37
61.69
66.28
59.07
65.24
63.4
57.01
63.65
58.19
63.2
65.16
62.78
61.67
65.2
66.18
65.41
63.44
59.04
60.85
58.1
60.76
59.96
68.1
63.46
61.76
60.61
60.74
62.66
57.02
63.74
64.5
64.38
74.27
57.11
58.15
68.14
56.97
66.28
61.72
60.76
61.55
63.47
74.67
59.04
69.04
64.44
56.14
58.18
63.61
61.62
58.91
60.71
64.38
65.32
58.75
64.44
62.71
62.68
67.94
63.42
61.0
65.35
58.8
64.55
61.79
63.5
60.74
64.31
60.9
59.17
71.05
53.54
61.7
58.84
67.22
63.62
61.68
58.07
64.38
53.41
73.87
60.01
66.36
64.33
62.51
67.14
65.35
61.62
61.81
54.27
72.92
58.83
70.82
66.19
58.15
59.54
70.78
60.59
73.68
71.79
59.88
58.77
73.54
66.41
58.01
61.7
66.44
59.12
63.44
63.4
60.74
64.55
68.15
68.09
57.22
64.4
64.52
60.73
59.9
59.79
63.7
59.74
68.27
57.22
56.11
58.67
61.73
60.69
64.37
67.05
65.56
57.94
64.58
56.12
60.66
61.87
56.98
61.78
60.8
63.5
68.08
61.81
57.94
59.95
66.32
67.13
64.48
61.77
69.27
65.23
62.66
59.76
63.47
59.03
60.95
70.02
67.12
55.34
58.17
59.71
62.61
65.49
62.4
58.92
66.02
61.83
63.51
58.12
62.55
59.78
66.23
62.71
60.83
56.97
65.33
67.96
56.26
57.06
60.85
65.19
54.37
55.15
57.11
63.52
62.61
61.57
60.93
64.32
61.0
69.76
58.85
65.38
70.82
54.3
60.96
68.02
54.42
58.2
49.76
60.73
58.15
65.18
64.52
59.64
64.32
58.06
58.95
59.71
65.39
70.0
56.27
60.57
54.58
66.09
55.55
74.4
63.5
66.48
58.12
63.73
60.93
61.87
59.0
56.24
63.67
66.11
69.23
57.15
59.14
60.66
61.57
66.36
59.85
68.22
62.8
61.51
65.42
64.52
62.56
57.97
64.23
60.97
61.77
61.67
64.67
61.64
55.27
65.27
58.27
56.01
60.73
59.98
52.33
65.17
59.81
58.88
59.85
67.11
58.76
57.95
66.08
55.46
60.06
53.53
67.24
60.84
58.81
57.17
62.67
52.53
59.91
59.84
60.68
67.08
60.73
59.9
68.84
57.26
57.16
55.17
73.66
52.5
64.43
64.47
74.56
65.55
65.39
59.78
64.27
55.95
65.34
63.5
58.81
56.3
64.45
61.76
64.4
69.17
68.9
63.46
68.01
58.1
64.42
70.05
56.33
59.05
70.12
68.06
66.31
67.26
64.55
60.99
63.49
55.37
64.5
68.83
59.07
68.13
57.11
60.99
65.38
57.1
61.81
57.14
59.93
63.66
58.75
68.09
62.55
62.61
69.93
59.86
63.59
60.73
64.25
62.67
57.16
62.62
61.48
55.37
60.88
63.61
59.86
69.98
59.93
59.81
60.62
61.6
56.85
61.67
68.03
61.89
63.63
59.09
60.9
55.26
61.93
65.32
56.19
67.2
57.77
59.79
62.54
66.15
67.23
66.43
66.18
62.62
62.56
70.95
68.07
61.66
67.89
73.56
56.19
69.92
58.05
65.03
67.06
60.9
64.39
54.37
58.97
60.71
63.64
60.78
70.01
56.14
66.3
61.82
49.81
65.31
58.18
64.32
61.13
68.3
62.43
60.69
60.61
65.65
69.07
60.76
70.81
70.87
57.16
65.26
60.74
58.16
62.61
52.37
67.26
58.08
63.72
57.89
58.99
64.2
60.83
74.57
60.9
66.09
60.69
67.16
61.7
58.95
65.36
65.38
65.55
59.1
62.78
66.17
60.85
66.47
64.45
68.95
67.22
63.88
58.88
57.12
65.23
63.38
58.94
61.87
57.03
66.2
65.39
63.48
66.98
57.28
70.02
58.8
67.15
61.58
60.82
55.4
59.89
54.47
64.33
70.83
63.03
68.01
65.5
69.05
55.19
66.31
59.11
59.99
61.05
55.36
58.05
67.09
61.7
59.98
69.93
56.96
61.65
65.39
67.31
61.67
64.52
62.69
59.8
61.79
65.54
57.93
59.77
61.74
57.75
65.24
59.96
62.75
62.67
61.88
67.2
61.87
62.78
61.01
60.02
60.04
64.39
67.24
61.92
55.46
56.82
60.36
68.24
63.38
56.32
59.75
58.02
64.51
56.2
67.14
64.37
60.59
67.32
56.87
62.71
60.82
58.1
61.84
55.24
65.14
62.53
64.63
61.6
61.8
65.42
64.35
62.82
65.21
57.88
62.68
60.82
65.41
62.69
