0.13
0.31
0.46
0.4
0.31
0.42
0.57
0.45
0.63
0.61
0.57
0.69
0.62
0.69
0.55
0.62
0.75
0.57
0.62
0.58
0.77
0.57
0.68
0.7
0.71
0.68
0.78
0.77
0.79
0.79
0.85
0.83
0.88
0.76
0.42
0.3
0.22
0.23
0.28
0.33
0.28
0.26
0.25
0.31
0.26
0.26
0.32
0.36
0.26
0.26
0.28
0.23
0.19
0.31
0.36
0.28
0.34
0.25
0.19
0.23
0.34
0.31
0.29
0.31
0.3
0.32
0.22
0.25
0.24
0.23
0.29
0.37
0.29
0.32
0.33
0.18
0.35
0.25
0.27
0.26
0.29
0.29
0.35
0.24
0.32
0.24
0.28
0.27
0.2
0.15
0.26
0.34
0.34
0.27
0.25
0.33
0.34
0.31
0.26
0.48
0.55
0.63
0.49
0.53
0.56
0.59
0.6
0.63
0.55
0.53
0.45
0.44
0.59
0.56
0.48
0.53
0.42
0.62
0.52
0.42
0.39
0.56
0.52
0.44
0.38
0.48
0.51
0.61
0.47
0.63
0.52
0.4
0.42
0.48
0.52
0.48
0.48
0.59
0.63
0.38
0.4
0.48
0.63
0.87
0.89
0.92
0.82
0.88
0.84
0.86
0.9
0.89
0.9
0.91
0.88
0.87
0.95
0.9
0.88
0.89
0.93
0.93
0.88
0.85
0.91
0.91
0.92
0.85
0.9
0.89
0.94
0.88
0.88
0.91
0.95
0.9
0.81
0.89
0.94
0.89
0.79
0.88
0.91
0.9
0.82
0.83
0.89
0.86
0.93
0.88
0.87
0.93
0.89
0.9
0.92
0.92
0.75
0.79
0.78
0.77
0.75
0.78
0.78
0.73
0.72
0.74
0.74
0.81
0.75
0.73
0.75
0.76
0.86
0.83
0.87
0.78
0.76
0.69
0.73
0.82
0.79
0.8
0.76
0.82
0.79
0.77
0.84
0.81
0.83
0.75
0.85
0.84
0.85
0.88
0.87
0.87
0.82
0.85
0.86
0.85
0.92
0.86
0.93
0.85
0.93
0.88
0.94
0.91
0.88
0.94
0.92
0.94
0.89
0.91
0.91
0.88
0.85
0.87
0.86
0.9
0.82
0.93
0.92
0.94
0.88
0.89
0.9
0.87
0.93
0.91
0.91
0.9
0.9
0.9
0.85
0.78
0.83
0.78
0.86
0.89
0.88
0.91
0.89
0.94
0.92
0.86
0.85
0.83
0.9
0.78
0.78
0.84
0.76
0.89
0.91
0.9
0.93
0.88
0.87
0.79
0.81
0.78
0.83
0.81
0.86
0.79
0.83
0.82
0.83
0.85
0.85
0.85
0.87
0.82
0.81
0.89
0.72
0.79
0.82
0.81
0.81
0.78
0.86
0.78
0.81
0.81
0.86
0.85
0.82
0.89
0.95
0.87
0.95
0.89
0.88
0.94
0.95
0.89
0.87
0.9
0.88
0.95
0.71
0.86
0.77
0.82
0.87
0.8
0.85
0.83
0.89
0.85
0.85
0.83
0.79
0.77
0.78
0.83
0.89
0.89
0.91
0.82
0.79
0.84
0.87
0.82
0.88
0.85
0.84
0.85
0.87
0.85
0.91
0.8
0.86
0.8
0.85
0.79
0.86
0.86
0.85
0.82
0.91
0.77
0.84
0.85
0.79
0.83
0.87
0.87
0.87
0.85
0.79
0.84
0.89
0.83
0.81
0.85
0.84
0.91
0.86
0.82
0.83
0.83
0.88
0.85
0.94
0.77
0.87
0.78
0.93
0.82
0.82
0.8
0.88
0.77
0.89
0.85
0.91
0.9
0.89
0.9
0.88
0.88
0.89
0.94
0.9
0.85
0.89
0.93
0.92
0.93
0.91
0.96
0.87
0.93
0.91
0.95
0.92
0.93
0.95
0.93
0.91
0.89
0.91
0.89
0.9
0.83
0.91
0.94
0.88
0.83
0.92
0.89
0.92
0.92
0.93
0.9
0.95
0.92
0.88
0.9
0.84
0.83
0.93
0.89
0.86
0.94
0.93
0.87
0.83
0.96
0.87
0.88
0.89
0.85
0.87
0.9
0.88
0.91
0.87
0.9
0.91
0.87
0.91
0.93
0.88
0.87
0.92
0.88
0.93
0.93
0.87
0.9
0.91
0.89
0.96
0.87
0.88
0.81
0.89
0.83
0.87
0.9
0.89
0.94
0.87
0.9
0.93
0.93
0.95
0.91
0.9
0.91
0.92
0.82
0.9
0.93
0.93
0.87
0.93
0.91
0.89
0.87
0.95
0.94
0.93
0.93
0.95
0.95
0.94
0.66
0.51
0.93
0.96
0.96
0.91
0.97
0.94
0.91
0.92
0.95
0.82
0.88
0.89
0.9
0.77
0.93
0.92
0.93
0.9
0.86
0.93
0.89
0.91
0.89
0.92
0.91
0.9
0.91
0.9
0.87
0.9
0.92
0.86
0.95
0.92
0.89
0.84
0.93
0.87
0.94
0.87
0.92
0.91
0.96
0.9
0.85
0.89
0.9
0.87
0.96
0.91
0.84
0.92
0.94
0.91
0.88
0.89
0.87
0.86
0.84
0.87
0.89
0.86
0.9
0.82
0.87
0.9
0.82
0.88
0.86
0.87
0.89
0.87
0.75
0.85
0.84
0.92
0.89
0.83
0.88
0.81
0.95
0.89
0.82
0.84
0.87
0.8
0.83
0.83
0.82
0.89
0.89
0.83
0.85
0.85
0.82
0.89
0.88
0.88
0.87
0.89
0.85
0.87
0.85
0.86
0.91
0.84
0.8
0.87
0.85
0.83
0.88
0.9
0.87
0.87
0.91
0.88
0.98
0.91
0.96
0.93
0.96
0.95
0.91
0.93
0.95
0.93
0.94
0.92
0.91
0.96
0.95
0.89
0.89
0.92
0.95
0.9
0.95
0.94
0.93
0.93
0.9
0.92
0.9
0.89
0.84
0.92
0.91
0.86
0.85
0.88
0.86
0.9
0.93
0.88
0.91
0.92
0.83
0.89
0.94
0.92
0.95
0.94
0.88
0.9
0.91
0.95
0.97
0.91
0.93
0.9
0.84
0.93
0.92
0.93
0.94
0.96
0.95
0.9
0.92
0.94
0.94
0.94
0.95
0.95
0.95
0.96
0.91
0.92
0.9
0.87
0.91
0.91
0.94
0.94
0.93
0.95
0.93
0.96
0.92
0.94
0.91
0.92
0.94
0.98
0.98
0.91
0.96
0.85
0.9
0.85
0.95
0.84
0.87
0.87
0.92
0.92
0.89
0.94
0.86
0.86
0.89
0.9
0.9
0.86
0.92
0.91
0.93
0.94
0.89
0.94
0.96
0.98
0.95
0.83
0.9
0.92
0.96
0.92
0.93
0.92
0.94
0.91
0.89
0.85
0.92
0.97
0.91
0.89
0.93
0.97
0.89
0.86
0.9
0.86
0.84
0.91
0.94
0.94
0.93
0.88
0.9
0.81
0.87
0.81
0.81
0.87
0.91
0.89
0.9
0.9
0.95
0.84
0.81
0.87
0.94
0.93
0.88
0.97
0.9
0.87
0.89
0.93
0.91
0.94
0.91
0.85
0.87
0.86
0.89
0.79
0.84
0.85
0.76
0.76
0.86
0.81
0.73
0.83
0.77
0.86
0.91
0.9
0.93
0.9
0.91
0.91
0.92
0.96
0.94
0.92
0.92
0.95
0.9
0.94
0.92
0.93
0.92
0.86
0.86
0.93
0.9
0.91
0.91
0.94
0.88
0.95
0.98
0.88
0.92
0.92
0.92
0.95
0.9
0.91
0.9
0.89
0.89
0.88
0.81
0.85
0.83
0.88
0.91
0.85
0.88
0.87
0.86
0.86
0.91
0.86
0.87
0.89
0.91
0.86
0.89
0.85
0.88
0.93
0.89
0.89
0.83
0.87
0.86
0.92
0.93
0.83
0.88
0.9
0.89
0.9
0.93
0.83
0.9
0.9
0.83
0.89
0.87
0.84
0.87
0.86
0.88
0.88
0.91
0.93
0.86
0.88
0.85
0.89
0.89
0.92
0.76
0.81
0.87
0.88
0.89
0.81
0.75
0.86
0.82
0.88
0.88
0.95
0.91
0.96
0.87
0.93
0.92
0.9
0.86
0.9
0.87
0.89
0.94
0.93
0.92
0.9
0.94
0.86
0.93
0.9
0.93
0.93
0.92
0.9
0.88
0.89
0.9
0.78
0.87
0.89
0.91
0.93
0.92
0.87
0.87
0.9
0.91
0.89
0.9
0.87
0.88
0.86
0.76
0.72
0.92
0.89
0.91
0.89
0.85
0.95
0.86
0.9
0.91
0.86
0.95
0.95
0.94
0.79
0.93
0.9
0.91
0.95
0.94
0.9
0.95
0.94
0.88
0.92
0.91
0.95
0.87
0.92
0.89
0.92
0.97
0.91
0.93
0.92
0.88
0.92
0.91
0.95
0.88
0.91
0.94
0.93
0.87
0.87
0.93
0.95
0.88
0.87
0.88
0.94
0.94
0.83
0.91
0.93
0.89
0.88
0.92
0.93
0.92
0.89
0.9
0.91
0.91
0.96
0.9
0.95
0.86
0.95
0.91
0.9
0.94
0.96
0.83
0.92
0.85
0.89
0.91
0.85
0.93
0.88
0.92
0.94
0.92
0.86
0.93
0.91
0.88
0.93
0.86
0.85
0.82
0.86
0.88
0.76
0.89
0.88
0.84
0.84
0.8
0.82
0.77
0.83
0.87
0.74
0.83
0.87
0.85
0.86
0.83
0.84
0.78
0.77
0.8
0.76
0.78
0.83
0.86
0.8
0.83
0.86
0.87
0.89
0.89
0.88
0.83
0.81
0.85
0.91
0.87
0.78
0.92
0.83
0.82
0.8
0.83
0.85
0.9
0.98
0.93
0.94
0.92
0.9
0.87
0.92
0.92
0.88
0.9
0.9
0.91
0.96
0.87
0.96
0.95
0.97
0.93
0.97
0.96
0.95
0.92
0.91
0.93
0.91
0.94
0.94
0.93
0.96
0.88
0.94
0.93
0.85
0.82
0.9
0.9
0.89
0.85
0.85
0.88
0.87
0.87
0.84
0.85
0.82
0.87
0.87
0.88
0.83
0.79
0.84
0.87
0.89
0.84
0.9
0.87
0.92
0.87
0.95
0.94
0.89
0.88
0.94
0.9
0.88
0.86
0.89
0.89
0.88
0.91
0.93
0.91
0.82
0.88
0.93
0.91
0.82
0.86
0.92
0.81
0.86
0.89
0.92
0.89
0.82
0.86
0.91
0.9
0.84
0.87
0.92
0.88
0.89
0.84
0.9
0.83
0.85
0.87
0.87
0.93
0.89
0.91
0.89
0.91
0.89
0.86
0.83
0.83
0.92
0.86
0.93
0.87
0.8
0.89
0.85
0.9
0.88
0.87
0.83
0.88
0.9
0.9
0.93
0.92
0.9
0.91
0.91
0.93
0.9
0.89
0.86
0.88
0.92
0.9
0.94
0.89
0.89
0.92
0.91
0.94
0.96
0.89
0.94
0.9
0.94
0.96
0.93
0.86
0.88
0.79
0.76
0.9
0.91
0.9
0.92
0.92
0.94
0.91
0.91
0.88
0.85
0.89
0.82
0.92
0.85
0.88
0.89
0.92
0.86
0.85
0.85
0.92
0.84
0.86
0.85
0.88
0.83
0.88
0.91
0.89
0.95
0.88
0.9
0.94
0.88
0.92
0.93
0.91
0.92
0.91
0.91
0.87
0.89
0.83
0.89
0.86
0.94
0.93
0.94
0.95
0.91
0.93
0.85
0.9
0.86
0.9
0.92
0.95
0.91
0.98
0.94
0.94
0.92
0.94
0.91
0.95
0.96
0.91
0.91
0.93
0.94
0.94
0.91
0.92
0.91
0.91
0.85
0.91
0.96
0.96
0.96
0.96
0.94
0.93
0.93
0.95
0.94
0.94
0.9
0.92
0.94
0.92
0.94
0.94
0.95
0.97
0.93
0.96
0.88
0.93
0.97
0.93
0.94
0.92
0.96
0.96
0.94
0.92
0.93
0.93
0.91
0.93
0.95
0.93
0.89
0.91
0.96
0.93
0.93
0.89
0.97
0.92
0.94
0.94
0.93
0.94
0.9
0.91
0.96
0.95
0.99
0.93
0.94
0.96
0.95
0.93
0.94
0.9
0.94
0.97
0.95
0.95
0.93
0.94
0.96
0.95
0.9
0.96
0.93
0.93
0.9
0.94
0.95
0.95
0.89
0.92
0.96
0.89
0.94
0.95
0.9
0.9
0.96
0.95
0.91
0.87
0.92
0.95
0.88
0.92
0.91
0.92
0.88
0.9
0.91
0.96
0.89
0.89
0.96
0.9
0.94
0.92
0.94
0.94
0.86
0.9
0.84
0.93
0.92
0.93
0.96
0.91
0.94
0.92
0.92
0.93
0.93
0.91
0.65
0.24
0.64
0.83
0.92
0.92
0.97
0.91
0.93
0.93
0.87
0.93
0.97
0.91
0.95
0.96
0.97
0.95
0.91
0.92
0.93
0.94
0.88
0.84
0.9
0.88
0.94
0.95
0.93
0.92
0.93
0.92
0.98
0.93
0.96
0.95
0.91
0.93
0.94
0.94
0.95
0.91
0.95
0.93
0.92
0.91
0.93
0.95
0.85
0.93
0.88
0.92
0.91
0.9
0.91
0.89
0.82
0.78
0.92
0.93
0.89
0.92
0.89
0.89
0.97
0.96
0.82
0.95
0.92
0.9
0.91
0.91
0.92
0.92
0.89
0.94
0.9
0.9
0.94
0.94
0.86
0.8
0.88
0.87
0.9
0.87
0.83
0.77
0.87
0.85
0.88
0.86
0.82
0.94
0.86
0.87
0.93
0.87
0.96
0.92
0.88
0.89
0.92
0.91
0.87
0.95
0.93
0.92
0.91
0.89
0.9
0.93
0.87
0.93
0.92
0.87
0.92
0.92
0.92
0.9
0.9
0.9
0.9
0.92
0.92
0.9
0.92
0.9
0.94
0.92
0.84
0.9
0.85
0.86
0.91
0.95
0.88
0.94
0.9
0.92
0.91
0.93
0.9
0.83
0.94
0.9
0.92
0.86
0.9
0.94
0.93
0.9
0.89
0.93
0.95
0.92
0.86
0.92
0.92
0.94
0.91
0.97
0.92
0.92
0.88
0.93
0.92
0.96
0.91
0.88
0.94
0.94
0.93
0.93
0.87
0.98
0.89
0.94
0.9
0.93
0.88
0.93
0.94
0.92
0.88
0.92
0.96
0.97
0.96
0.89
0.9
0.84
0.9
0.85
0.93
0.95
0.91
0.9
0.97
0.97
0.91
0.9
0.9
0.92
0.9
0.96
0.93
0.88
0.94
0.89
0.92
0.92
0.92
0.93
0.92
0.9
0.91
0.91
0.86
0.94
0.92
0.91
0.95
0.93
0.97
0.95
0.92
0.94
0.93
0.9
0.93
0.89
0.91
0.9
0.83
0.88
0.92
0.9
0.94
0.9
0.91
0.93
0.92
0.93
0.89
0.9
0.94
0.91
0.97
0.93
0.95
0.95
0.95
0.94
0.92
0.88
0.97
0.92
0.92
0.95
0.94
0.93
0.91
0.95
0.94
0.92
0.93
0.93
0.95
0.93
0.93
0.97
0.93
0.92
0.89
0.94
0.96
0.82
0.81
0.88
0.89
0.85
0.85
0.85
0.8
0.88
0.97
0.97
0.89
0.94
0.92
0.91
0.94
0.9
0.91
0.92
0.92
0.96
0.95
0.88
0.92
0.87
0.94
0.95
0.94
0.9
0.93
0.92
0.95
0.91
0.93
0.95
0.94
0.94
0.98
0.87
0.95
0.94
0.93
0.91
0.85
0.91
0.94
0.94
0.98
0.92
0.97
0.95
0.96
0.89
0.93
0.89
0.93
0.88
0.95
0.98
0.92
0.92
0.94
0.93
0.94
0.93
0.93
0.96
0.91
0.97
0.91
0.96
0.94
0.93
0.94
0.91
0.96
0.87
0.9
0.93
0.89
0.97
0.94
0.95
0.93
0.91
0.97
0.94
0.94
0.94
0.93
0.91
0.88
0.94
0.93
0.91
0.91
0.92
0.94
0.94
0.91
0.97
0.93
0.95
0.89
0.89
0.92
0.96
0.89
0.95
0.94
0.97
0.91
0.94
0.93
0.94
0.89
0.95
0.95
0.93
0.89
0.95
0.94
0.87
0.89
0.95
0.97
0.94
0.96
0.87
0.98
0.95
0.9
0.9
0.95
0.89
0.89
0.95
0.94
0.95
0.85
0.91
0.94
0.91
0.93
0.9
0.95
0.93
0.96
0.95
0.95
0.94
0.96
0.94
0.93
0.9
0.92
0.93
0.93
0.96
0.93
0.98
0.9
0.89
0.85
0.97
0.86
0.86
0.9
0.95
0.9
0.94
0.93
0.9
0.9
0.91
0.89
0.92
0.9
0.98
0.9
0.91
0.9
0.94
0.95
0.89
0.94
0.89
0.82
0.92
0.9
0.92
0.87
0.92
0.82
0.93
0.84
0.93
0.86
0.89
0.93
0.92
0.91
0.92
0.89
0.93
0.91
0.91
0.93
0.86
0.88
0.94
0.87
0.89
0.9
0.93
0.92
0.93
0.97
0.9
0.9
0.95
0.92
0.92
0.89
0.88
0.92
0.92
0.96
0.94
0.88
0.9
0.93
0.93
0.94
0.94
0.92
0.96
0.91
0.93
0.94
0.89
0.8
0.89
0.91
0.96
0.91
0.97
0.84
0.85
0.88
0.8
0.88
0.89
0.86
0.83
0.88
0.87
0.91
0.84
0.86
0.88
